
AerialKit Firmware
  product:  aerialkit-f405
  board:    SIM / software in the loop
  rev:      879086d-dirty
  built:    Sep 18 2026 / 17:29:14
  clocks:   simulated, 160 MHz
  state:    no sensor drivers - the flight loop runs in failsafe

faults: none recorded
selftest:
  ok       squareroot of 9 is 3
  ok       atan2(1,1) is pi/4
  ok       quad hover is symmetric
  ok       quad roll right lifts the left pair
  ok       quad nose-up lifts the front pair
  ok       wing pitch moves both elevons together
  ok       wing roll moves the elevons opposite ways
  ok       wing yaw is differential thrust
  ok       estimator holds level when level
  ok       disarmed means motors at zero and servos centred
  ok       arm switch plus low throttle arms
  ok       armed, roll right lifts the left pair
  ok       RC loss stops the motors
  ok       failsafe is latched, not just this frame
  ok       failsafe holds until the arm switch is cycled
  ok       a wing arms the same way
  ok       a wing that loses its link circles down instead of stopping
  ok       and a link that comes back does not take it back mid-descent
  ok       and the ground disarms it
selftest: passed

imu:       configured for 1 kHz, gyro 2000 dps, accel 16 g
imu:       icm42688p
baro:      dps310
rangefinder: tof10120 at 0x52, up to 2.00 m
console: type 'help'
no saved configuration
preflight: the machine is what the firmware thinks it is
boot: ok
ak> sim:    812 ms  roll    0.0 deg  pitch    0.0 deg  motors 0.00 0.00 0.00 0.00
home: from the first fix while disarmed, 52.1234540, 4.9876450
set rth_enable 1
rth_enable = 1
ak> gyro: bias measured while disarmed: 0 -1 2 mdps (500 samples, 0 rejected)
sim:   1811 ms  roll    0.0 deg  pitch    0.0 deg  motors 0.00 0.00 0.00 0.00
sim:   2501 ms  arm switch on, throttle down
sim:   2811 ms  roll    0.0 deg  pitch    0.0 deg  motors 0.00 0.00 0.00 0.00
sim:   3811 ms  roll    0.0 deg  pitch    0.0 deg  motors 0.07 0.07 0.07 0.07
sim:   4001 ms  throttle up, climbing
sim:   4811 ms  roll   -0.0 deg  pitch   -0.0 deg  motors 0.59 0.59 0.59 0.59
sim:   5811 ms  roll   -0.0 deg  pitch   -0.0 deg  motors 0.59 0.59 0.59 0.59
sim:   6811 ms  roll   -0.0 deg  pitch    0.0 deg  motors 0.59 0.59 0.59 0.59
sim:   7001 ms  nose down, flying out east
sim:   7811 ms  roll   -0.0 deg  pitch  -10.5 deg  motors 0.59 0.59 0.59 0.59
sim:   8811 ms  roll   -0.0 deg  pitch  -10.5 deg  motors 0.59 0.59 0.59 0.59
sim:   9811 ms  roll    0.0 deg  pitch  -10.5 deg  motors 0.59 0.59 0.59 0.59
sim:  10811 ms  roll   -0.0 deg  pitch  -10.5 deg  motors 0.59 0.59 0.59 0.59
alive: 10811 ms, 9990 loops
sim:  11811 ms  roll    0.0 deg  pitch  -10.5 deg  motors 0.59 0.59 0.59 0.59
sim:  12811 ms  roll    0.0 deg  pitch  -10.5 deg  motors 0.59 0.59 0.59 0.59
sim:  13811 ms  roll    0.0 deg  pitch  -10.5 deg  motors 0.59 0.59 0.59 0.59
sim:  14811 ms  roll    0.0 deg  pitch  -10.5 deg  motors 0.59 0.59 0.59 0.59
sim:  15811 ms  roll    0.0 deg  pitch  -10.5 deg  motors 0.59 0.59 0.59 0.59
sim:  16811 ms  roll    0.0 deg  pitch  -10.5 deg  motors 0.59 0.59 0.59 0.59
sim:  17811 ms  roll    0.0 deg  pitch  -10.5 deg  motors 0.59 0.59 0.59 0.59
sim:  18811 ms  roll    0.0 deg  pitch  -10.5 deg  motors 0.59 0.59 0.59 0.59
sim:  19811 ms  roll   -0.0 deg  pitch  -10.5 deg  motors 0.59 0.59 0.59 0.59
sim:  20811 ms  roll    0.0 deg  pitch  -10.5 deg  motors 0.59 0.59 0.59 0.59
alive: 20811 ms, 19979 loops
sim:  21811 ms  roll    0.0 deg  pitch  -10.5 deg  motors 0.59 0.59 0.59 0.59
sim:  22001 ms  receiver unplugged, 136 m out at 22.4 m, 9 m/s
sim:  22002 ms  135.7 m from home, 22.4 m up, mode ANGLE
sim:  22811 ms  roll  -24.9 deg  pitch   17.4 deg  motors 0.61 0.41 0.41 0.55
sim:  23002 ms  143.2 m from home, 23.3 m up, mode RTH
sim:  23811 ms  roll   -2.3 deg  pitch   29.5 deg  motors 0.43 0.60 0.64 0.49
sim:  24002 ms  146.3 m from home, 23.2 m up, mode RTH
sim:  24811 ms  roll   18.2 deg  pitch   22.2 deg  motors 0.45 0.60 0.64 0.45
sim:  25002 ms  146.5 m from home, 23.0 m up, mode RTH
sim:  25811 ms  roll   29.1 deg  pitch   -6.5 deg  motors 0.52 0.63 0.65 0.51
sim:  26002 ms  144.8 m from home, 22.9 m up, mode RTH
gps
gps:       12600 bytes, 126 messages, 126 NAV-PVT, 0 bad checksums, 0 bad lengths, 0 other
fix:       type 3 (ok), 11 satellites, pdop 1.23, hacc 1200 mm
usable:    yes (needs 6 satellites, has 11)
position:  52.1234466, 4.9897801
altitude:  142954 mm msl
motion:    2086 mm/s, course -95.-87877 deg
uart:      0 bytes dropped by the receive buffer
fixes:     126, valid now: yes
configure:  0 attempts
home:      146 m away, bearing -89.-67 deg
return:    engaged, 1 engagements, holding 142755 mm (quadrotor: climb, translate, settle profile)
link:      gone, returning enabled
ak> sim:  26811 ms  roll   15.7 deg  pitch  -26.6 deg  motors 0.46 0.62 0.63 0.43
sim:  27002 ms  142.1 m from home, 22.9 m up, mode RTH
sim:  27811 ms  roll  -10.5 deg  pitch  -26.4 deg  motors 0.59 0.55 0.53 0.59
sim:  28002 ms  138.5 m from home, 23.0 m up, mode RTH
sim:  28811 ms  roll    4.2 deg  pitch  -27.8 deg  motors 0.52 0.55 0.55 0.52
sim:  29002 ms  134.7 m from home, 22.9 m up, mode RTH
sim:  29811 ms  roll    3.9 deg  pitch  -26.9 deg  motors 0.59 0.52 0.52 0.59
sim:  30002 ms  131.0 m from home, 23.0 m up, mode RTH
sim:  30811 ms  roll    8.3 deg  pitch  -26.0 deg  motors 0.49 0.55 0.55 0.48
alive: 30811 ms, 29969 loops
sim:  31002 ms  127.3 m from home, 22.9 m up, mode RTH
sim:  31811 ms  roll   -3.3 deg  pitch  -27.0 deg  motors 0.58 0.59 0.58 0.57
sim:  32002 ms  123.5 m from home, 22.9 m up, mode RTH
sim:  32811 ms  roll   -4.5 deg  pitch  -26.4 deg  motors 0.52 0.48 0.48 0.52
sim:  33002 ms  119.8 m from home, 22.9 m up, mode RTH
sim:  33811 ms  roll   11.6 deg  pitch  -25.3 deg  motors 0.57 0.58 0.59 0.59
sim:  34002 ms  116.0 m from home, 22.9 m up, mode RTH
sim:  34811 ms  roll   16.1 deg  pitch  -24.8 deg  motors 0.49 0.56 0.58 0.50
sim:  35002 ms  112.3 m from home, 22.9 m up, mode RTH
sim:  35811 ms  roll    2.1 deg  pitch  -27.0 deg  motors 0.52 0.52 0.52 0.51
sim:  36002 ms  108.6 m from home, 22.9 m up, mode RTH
sim:  36811 ms  roll   -1.6 deg  pitch  -26.3 deg  motors 0.57 0.56 0.56 0.57
sim:  37002 ms  104.8 m from home, 22.9 m up, mode RTH
sim:  37811 ms  roll  -15.3 deg  pitch  -27.4 deg  motors 0.55 0.46 0.45 0.53
sim:  38002 ms  101.1 m from home, 22.9 m up, mode RTH
sim:  38811 ms  roll    5.9 deg  pitch  -33.0 deg  motors 0.53 0.62 0.64 0.52
sim:  39002 ms  97.5 m from home, 22.9 m up, mode RTH
sim:  39811 ms  roll   11.0 deg  pitch  -26.7 deg  motors 0.57 0.57 0.59 0.59
sim:  40002 ms  93.8 m from home, 22.9 m up, mode RTH
sim:  40811 ms  roll    7.4 deg  pitch  -26.1 deg  motors 0.49 0.52 0.51 0.48
alive: 40811 ms, 39958 loops
sim:  41002 ms  90.1 m from home, 22.9 m up, mode RTH
sim:  41811 ms  roll   -1.7 deg  pitch  -26.7 deg  motors 0.58 0.53 0.54 0.60
sim:  42002 ms  86.4 m from home, 22.9 m up, mode RTH
sim:  42811 ms  roll   -0.6 deg  pitch  -27.9 deg  motors 0.48 0.63 0.62 0.47
sim:  43002 ms  82.7 m from home, 22.9 m up, mode RTH
sim:  43811 ms  roll  -11.8 deg  pitch  -25.6 deg  motors 0.63 0.45 0.47 0.63
sim:  44002 ms  79.0 m from home, 22.9 m up, mode RTH
sim:  44811 ms  roll   11.3 deg  pitch  -24.5 deg  motors 0.54 0.53 0.53 0.54
sim:  45002 ms  75.3 m from home, 22.9 m up, mode RTH
sim:  45811 ms  roll   11.3 deg  pitch  -25.8 deg  motors 0.49 0.57 0.59 0.50
sim:  46002 ms  71.6 m from home, 22.9 m up, mode RTH
sim:  46811 ms  roll  -11.4 deg  pitch  -25.6 deg  motors 0.57 0.56 0.56 0.57
sim:  47002 ms  67.8 m from home, 22.9 m up, mode RTH
sim:  47811 ms  roll   -2.3 deg  pitch  -28.4 deg  motors 0.56 0.54 0.54 0.57
sim:  48002 ms  64.1 m from home, 22.9 m up, mode RTH
sim:  48811 ms  roll   -3.7 deg  pitch  -28.4 deg  motors 0.63 0.51 0.50 0.61
sim:  49002 ms  60.4 m from home, 22.9 m up, mode RTH
sim:  49811 ms  roll   -2.2 deg  pitch  -26.0 deg  motors 0.54 0.58 0.56 0.51
sim:  50002 ms  56.7 m from home, 22.9 m up, mode RTH
sim:  50811 ms  roll    1.5 deg  pitch  -26.4 deg  motors 0.57 0.57 0.59 0.59
alive: 50811 ms, 49947 loops
sim:  51002 ms  53.0 m from home, 22.9 m up, mode RTH
sim:  51811 ms  roll   -8.9 deg  pitch  -27.2 deg  motors 0.60 0.54 0.54 0.58
sim:  52002 ms  49.3 m from home, 22.9 m up, mode RTH
sim:  52811 ms  roll   -2.5 deg  pitch  -27.4 deg  motors 0.59 0.55 0.56 0.61
sim:  53002 ms  45.6 m from home, 23.0 m up, mode RTH
sim:  53811 ms  roll    5.7 deg  pitch  -27.3 deg  motors 0.52 0.53 0.55 0.53
sim:  54002 ms  41.9 m from home, 22.9 m up, mode RTH
sim:  54811 ms  roll    7.1 deg  pitch  -26.9 deg  motors 0.52 0.57 0.58 0.52
sim:  55002 ms  38.1 m from home, 22.9 m up, mode RTH
sim:  55811 ms  roll   12.1 deg  pitch  -28.2 deg  motors 0.46 0.56 0.59 0.46
sim:  56002 ms  34.4 m from home, 22.9 m up, mode RTH
sim:  56811 ms  roll   -0.6 deg  pitch  -28.0 deg  motors 0.55 0.57 0.55 0.54
sim:  57002 ms  30.8 m from home, 22.9 m up, mode RTH
sim:  57811 ms  roll   -9.9 deg  pitch  -29.2 deg  motors 0.63 0.46 0.48 0.64
sim:  58002 ms  27.1 m from home, 22.9 m up, mode RTH
sim:  58811 ms  roll    4.1 deg  pitch  -27.8 deg  motors 0.51 0.55 0.55 0.51
sim:  59002 ms  23.4 m from home, 22.9 m up, mode RTH
sim:  59811 ms  roll  -11.6 deg  pitch  -28.2 deg  motors 0.58 0.48 0.50 0.58
sim:  60002 ms  19.7 m from home, 22.9 m up, mode RTH
sim:  60811 ms  roll   -8.9 deg  pitch  -25.5 deg  motors 0.59 0.52 0.51 0.57
alive: 60811 ms, 59937 loops
sim:  61002 ms  16.0 m from home, 22.9 m up, mode RTH
sim:  61811 ms  roll   -2.4 deg  pitch  -28.1 deg  motors 0.41 0.46 0.46 0.41
sim:  62002 ms  12.4 m from home, 20.6 m up, mode RTH
sim:  62369 ms  started coming down 11.0 m from home, 19.4 m up
sim:  62811 ms  roll    9.3 deg  pitch  -26.9 deg  motors 0.39 0.53 0.55 0.36
sim:  63002 ms  9.0 m from home, 17.2 m up, mode RTH
sim:  63811 ms  roll   -8.5 deg  pitch  -19.2 deg  motors 0.54 0.36 0.38 0.53
sim:  64002 ms  6.3 m from home, 14.0 m up, mode RTH
sim:  64811 ms  roll   -6.5 deg  pitch  -21.6 deg  motors 0.55 0.35 0.39 0.53
sim:  65002 ms  4.2 m from home, 10.9 m up, mode RTH
sim:  65811 ms  roll   -0.5 deg  pitch  -23.0 deg  motors 0.60 0.42 0.44 0.60
sim:  66002 ms  2.8 m from home, 8.0 m up, mode RTH
sim:  66811 ms  roll    2.0 deg  pitch   -7.0 deg  motors 0.62 0.49 0.45 0.65
sim:  67002 ms  1.3 m from home, 5.7 m up, mode RTH
sim:  67811 ms  roll   21.9 deg  pitch  -12.2 deg  motors 0.51 0.66 0.67 0.50
sim:  68002 ms  0.9 m from home, 4.4 m up, mode RTH
sim:  68811 ms  roll    9.2 deg  pitch  -12.5 deg  motors 0.56 0.57 0.56 0.52
sim:  69002 ms  0.9 m from home, 3.6 m up, mode RTH
sim:  69255 ms  first down at the hover height: 1 m out, 3.5 m up
sim:  69811 ms  roll  -15.9 deg  pitch   -2.2 deg  motors 0.48 0.68 0.65 0.51
sim:  70002 ms  1.0 m from home, 3.1 m up, mode RTH
sim:  70811 ms  roll    7.3 deg  pitch   -6.3 deg  motors 0.47 0.64 0.66 0.50
alive: 70811 ms, 69926 loops
sim:  71002 ms  1.1 m from home, 2.8 m up, mode RTH
sim:  71811 ms  roll  -18.7 deg  pitch   -6.5 deg  motors 0.44 0.64 0.58 0.44
sim:  72002 ms  0.5 m from home, 2.5 m up, mode RTH
sim:  72811 ms  roll  -12.5 deg  pitch  -22.9 deg  motors 0.57 0.38 0.42 0.57
sim:  73002 ms  0.2 m from home, 2.2 m up, mode RTH
sim:  73811 ms  roll  -14.3 deg  pitch  -10.2 deg  motors 0.56 0.38 0.41 0.56
sim:  74002 ms  0.5 m from home, 1.6 m up, mode RTH
sim:  74811 ms  roll  -16.1 deg  pitch    4.1 deg  motors 0.48 0.67 0.66 0.50
sim:  75002 ms  0.4 m from home, 1.0 m up, mode RTH
sim:  75811 ms  roll  -19.7 deg  pitch    3.5 deg  motors 0.65 0.48 0.47 0.61
sim:  76003 ms  0.8 m from home, 0.6 m up, mode RTH
sim:  76811 ms  roll   -0.8 deg  pitch    6.9 deg  motors 0.51 0.52 0.54 0.52
sim:  77003 ms  1.0 m from home, 0.4 m up, mode RTH
sim:  77811 ms  roll  -11.6 deg  pitch   -5.7 deg  motors 0.65 0.47 0.48 0.62
arm:       refused - the receiver has gone quiet (1060 frames)
sim:  77813 ms  motors stopped at 0.3 m above home, 0.9 m from it
sim:  78003 ms  0.9 m from home, 0.1 m up, mode DISARM
sim:  78811 ms  roll  -12.6 deg  pitch   -6.6 deg  motors 0.00 0.00 0.00 0.00
sim:  79003 ms  0.9 m from home, 0.0 m up, mode DISARM
sim:  79256 ms  receiver back - has the pilot got it?
arm:       refused - the throttle is at 55 per cent, and arming wants 5
sim:  79811 ms  roll  -12.6 deg  pitch   -6.6 deg  motors 0.00 0.00 0.00 0.00
status
state:     disarmed
uptime:    80257 ms
loops:     79362
attitude:  roll -221 mrad, pitch -115 mrad, yaw 5888 mrad
attitude:  converged
motors:    0 0 0 0 per-mille
servos:    0 0 per-mille
arm:       refused - the throttle is at 55 per cent, and arming wants 5
params:    1 changed since the last save
fault:     none recorded
ak> sim:  80811 ms  roll  -12.6 deg  pitch   -6.6 deg  motors 0.00 0.00 0.00 0.00
alive: 80811 ms, 79915 loops
sim:  81811 ms  roll  -12.6 deg  pitch   -6.6 deg  motors 0.00 0.00 0.00 0.00
sim:  82811 ms  roll  -12.6 deg  pitch   -6.6 deg  motors 0.00 0.00 0.00 0.00
log flash
# aerialkit blackbox (flash), 411 records in 4 sectors
# oldest first; this one outlives the battery
# units: gyro 0.1 dps, accel 0.001 g, attitude 0.1 deg, alt mm above the take-off reference, sticks per-mille, torque percent, motor 0..254
time_ms,gyro_x,gyro_y,gyro_z,accel_x,accel_y,accel_z,roll,pitch,yaw,alt_mm,stick_roll,stick_pitch,stick_yaw,stick_throttle,torque_roll,torque_pitch,torque_yaw,1011,0,0,0,-1,-2,998,0,0,0,-98,0,0,0,0,0,0,0,0,0,0,0,0,7,521234639,49876724
1211,0,0,0,0,0,998,0,0,0,-64,0,0,0,0,0,0,0,0,0,0,0,0,7,521234686,49876917
1411,0,0,0,0,0,1000,0,0,0,-95,0,0,0,0,0,0,0,0,0,0,0,0,7,521234603,49876989
1611,0,0,0,1,-1,998,0,0,0,-94,0,0,0,0,0,0,0,0,0,0,0,0,7,521234552,49876285
1812,0,0,0,0,0,1000,0,0,0,4,0,0,0,0,0,0,0,0,0,0,0,0,7,521234324,49876678
2012,0,0,0,0,0,998,0,0,0,-125,0,0,0,0,0,0,0,0,0,0,0,0,7,521234469,49877083
2212,0,0,0,0,0,1002,0,0,0,6,0,0,0,0,0,0,0,0,0,0,0,0,7,521234733,49876367
2412,0,0,0,-2,-1,999,0,0,0,-25,0,0,0,0,0,0,0,0,0,0,0,0,7,521234640,49876755
2612,0,0,0,0,0,999,0,0,0,-90,0,0,0,0,0,0,0,0,0,0,0,0,7,521234388,49876662
2813,0,0,0,-1,0,1002,0,0,0,-89,0,0,0,0,0,0,0,0,0,0,0,0,7,521234618,49876531
3013,0,0,0,0,1,1001,0,0,0,-120,0,0,0,0,0,0,0,13,13,13,13,1,7,521234729,49876441
3213,0,0,0,0,-1,1001,0,0,0,-20,0,0,0,0,0,0,0,13,13,13,13,1,7,521234578,49876512
3413,0,0,0,0,0,1000,0,0,0,-20,0,0,0,0,0,0,0,13,13,13,13,1,7,521234481,49876333
3613,0,0,0,-1,0,1000,0,0,0,-53,0,0,0,0,0,0,0,13,13,13,13,1,7,521234708,49876329
3814,0,0,0,0,0,1000,0,0,0,-17,0,0,0,0,0,0,0,13,13,13,13,1,7,521234584,49876350
4014,0,0,0,-1,0,999,0,0,0,14,0,0,0,579,0,0,0,147,147,148,147,1,7,521234678,49876334
4214,0,0,0,1,0,998,0,0,1,-17,0,0,0,579,0,0,0,147,147,147,148,1,7,521234719,49876724
4414,0,0,0,0,1,997,0,0,58,-16,0,0,0,579,0,0,0,147,148,147,147,1,7,521234776,49876728
4615,0,0,0,-1,1,997,0,0,112,49,0,0,0,579,0,0,0,147,147,147,147,1,7,521234580,49876919
4815,0,0,0,0,0,997,0,0,164,148,0,0,0,579,0,0,0,147,147,147,147,1,7,521234486,49876779
5015,0,0,1,1,0,998,0,0,210,182,0,0,0,579,0,0,0,147,147,147,148,1,7,521234662,49877686
5215,0,0,0,-2,0,1000,0,0,255,411,0,0,0,579,0,0,0,148,147,147,147,1,7,521234578,49877212
5415,0,0,0,2,0,999,0,0,297,445,0,0,0,579,0,0,0,148,147,148,147,1,7,521234582,49877500
5616,1,0,0,-1,-1,999,0,0,336,676,0,0,0,579,0,0,0,148,148,147,146,1,7,521234807,49877818
5816,0,0,0,1,3,996,0,0,371,743,0,0,0,579,0,0,0,147,147,148,147,1,7,521234368,49877391
6016,1,0,0,2,0,999,0,0,406,973,0,0,0,579,0,0,0,148,148,146,147,1,7,521234591,49878090
6216,0,0,0,0,0,1000,0,0,438,1106,0,0,0,579,0,0,0,148,147,148,147,1,7,521234365,49877949
6416,0,0,0,3,0,999,0,0,469,1271,0,0,0,579,0,0,0,147,147,147,147,1,7,521234446,49878040
6617,0,1,0,0,0,1001,0,0,497,1535,0,0,0,579,0,0,0,148,147,148,147,1,7,521234638,49878214
6817,0,0,1,1,1,1000,0,0,523,1732,0,0,0,579,0,0,0,148,147,147,147,1,7,521234801,49878751
7017,0,-236,0,0,0,997,0,-1,546,1995,0,-300,0,579,0,-5,0,162,132,162,132,1,7,521234392,49878940
7217,0,-202,0,124,2,990,0,-71,568,2225,0,-300,0,579,0,0,0,149,145,149,145,1,7,521234353,49878823
7418,0,-62,0,164,-3,987,0,-95,589,2391,0,-300,0,579,0,0,0,147,147,147,148,1,7,521234453,49878870
7618,0,-19,0,178,0,983,0,-102,610,2653,0,-300,0,579,0,0,0,146,147,147,148,1,7,521234654,49879189
7818,0,-6,0,184,0,982,0,-104,629,2883,0,-300,0,579,0,0,0,147,148,146,148,1,7,521234302,49879680
8018,0,-1,0,184,1,984,0,-105,647,3147,0,-300,0,579,0,0,0,147,147,148,148,1,7,521234618,49879707
8218,0,0,0,184,0,982,0,-105,663,3281,0,-300,0,579,0,0,0,147,147,147,148,1,7,521234883,49879906
8419,0,0,0,181,-1,981,0,-105,678,3642,0,-300,0,579,0,0,0,147,148,147,147,1,7,521234476,49880124
8619,0,0,0,180,2,984,0,-105,692,3839,0,-300,0,579,0,0,0,147,147,147,147,1,7,521234527,49880297
8819,0,0,0,184,-1,979,0,-105,705,4199,0,-300,0,579,0,0,0,147,147,147,147,1,7,521234776,49880358
9019,-1,0,0,182,-2,981,0,-105,719,4333,0,-300,0,579,0,0,0,147,146,148,148,1,7,521234451,49880401
9219,0,0,0,181,-1,983,0,-105,732,4693,0,-300,0,579,0,0,0,147,147,148,147,1,7,521234377,49880495
9420,0,0,0,181,0,984,0,-105,743,4891,0,-300,0,579,0,0,0,147,147,147,147,1,7,521234358,49881176
9620,0,0,0,182,-1,986,0,-105,753,5155,0,-300,0,579,0,0,0,148,147,147,147,1,7,521234531,49880794
9820,0,0,0,181,-1,981,0,-105,763,5451,0,-300,0,579,0,0,0,147,147,147,147,1,7,521234379,49881113
10020,0,0,0,178,-3,982,0,-105,772,5584,0,-300,0,579,0,0,0,147,148,147,148,1,7,521234726,49882007
10221,0,0,0,182,0,982,0,-105,780,6010,0,-300,0,579,0,0,0,147,147,147,147,1,7,521234537,49882102
10421,0,0,0,181,0,985,0,-105,787,6274,0,-300,0,579,0,0,0,147,147,148,147,1,7,521234582,49882103
10621,0,0,0,181,0,982,0,-105,795,6504,0,-300,0,579,0,0,0,147,147,147,147,1,7,521234595,49882208
10821,0,0,0,184,0,980,0,-105,801,6767,0,-300,0,579,0,0,0,147,148,147,147,1,7,521234333,49882517
11021,0,0,0,179,0,982,0,-105,807,7031,0,-300,0,579,0,0,0,147,147,147,147,1,7,521234858,49882537
11222,0,0,0,179,0,984,0,-105,812,7361,0,-300,0,579,0,0,0,147,148,147,147,1,7,521234770,49882810
11422,0,0,0,181,0,982,0,-105,818,7526,0,-300,0,579,0,0,0,147,147,147,147,1,7,521234459,49883461
11622,0,0,0,184,0,983,0,-105,824,7856,0,-300,0,579,0,0,0,147,147,147,147,1,7,521234525,49883376
11822,0,0,0,186,-1,984,0,-105,828,8118,0,-300,0,579,0,0,0,147,148,147,148,1,7,521234442,49883711
12022,0,0,0,183,0,985,0,-105,832,8415,0,-300,0,579,0,0,0,147,147,147,147,1,7,521234550,49883782
12223,0,0,0,182,-2,985,0,-105,836,8711,0,-300,0,579,0,0,0,147,147,147,147,1,7,521234474,49884461
12423,0,0,0,183,1,985,0,-105,841,9070,0,-300,0,579,0,0,0,147,147,148,147,1,7,521234745,49884467
12623,0,0,0,181,0,982,0,-105,845,9203,0,-300,0,579,0,0,0,147,148,146,147,1,7,521234459,49884724
12823,0,0,0,182,0,985,0,-105,849,9499,0,-300,0,579,0,0,0,147,147,148,147,1,7,521234576,49884980
13023,0,-1,0,181,0,984,0,-105,853,9729,0,-300,0,579,0,0,0,146,148,146,148,1,7,521234485,49885170
13224,0,0,0,183,0,982,0,-105,856,10090,0,-300,0,579,0,0,0,148,147,147,147,1,7,521234552,49885103
13424,0,0,0,180,0,984,0,-105,859,10353,0,-300,0,579,0,0,0,147,147,148,148,1,7,521234575,49885737
13624,0,0,0,184,0,982,0,-105,862,10618,0,-300,0,579,0,0,0,147,147,147,147,1,7,521234692,49886254
13824,0,0,0,180,0,985,0,-105,865,10913,0,-300,0,579,0,0,0,147,147,147,147,1,7,521234691,49886266
14025,0,0,0,183,0,985,0,-105,866,11209,0,-300,0,579,0,0,0,147,147,148,147,1,7,521234373,49886471
14225,0,0,0,185,0,983,0,-105,869,11440,0,-300,0,579,0,0,0,147,147,148,147,1,7,521234420,49886671
14425,0,0,0,181,0,985,0,-105,871,11703,0,-300,0,579,0,0,0,147,147,147,148,1,7,521234672,49886878
14625,0,-1,0,183,0,980,0,-105,873,12098,0,-300,0,579,0,0,0,147,148,147,148,1,7,521234661,49886702
14825,0,0,0,181,1,985,0,-105,875,12329,0,-300,0,579,0,0,0,147,147,147,147,1,7,521234429,49887256
15026,0,0,0,182,-1,982,0,-105,876,12558,0,-300,0,579,0,0,0,147,148,147,147,1,7,521234706,49887553
15226,1,0,-1,183,0,985,0,-105,878,12855,0,-300,0,579,0,0,0,148,148,147,146,1,7,521234697,49887748
15426,0,0,0,182,2,983,0,-105,879,13118,0,-300,0,579,0,0,0,147,147,147,147,1,7,521234570,49887850
15626,0,0,0,183,0,981,0,-104,879,13350,0,-300,0,579,0,0,0,147,147,147,147,1,7,521234557,49888069
15826,0,0,0,182,0,981,0,-104,880,13778,0,-300,0,579,0,0,0,147,147,147,147,1,7,521234642,49888858
16027,0,0,0,181,2,984,0,-105,880,14073,0,-300,0,579,0,0,0,147,147,147,147,1,7,521234596,49888952
16227,0,0,0,181,0,985,0,-105,881,14303,0,-300,0,579,0,0,0,147,148,147,148,1,7,521234399,49888919
16427,0,-1,0,179,0,983,0,-105,882,14535,0,-300,0,579,0,0,0,147,148,147,148,1,7,521234657,49889198
16627,0,0,0,185,-1,982,0,-104,884,14798,0,-300,0,579,0,0,0,148,147,148,147,1,7,521234770,49890114
16828,0,0,0,183,0,980,0,-104,884,15191,0,-300,0,579,0,0,0,147,147,148,148,1,7,521234664,49889813
17028,0,0,0,180,-1,981,0,-105,885,15356,0,-300,0,579,0,0,0,147,147,147,147,1,7,521234764,49889836
17228,0,0,0,181,-1,983,0,-105,886,15651,0,-300,0,579,0,0,0,147,147,148,147,1,7,521234759,49890800
17428,-1,1,0,182,-1,983,0,-105,888,15914,0,-300,0,579,0,0,0,147,146,148,147,1,7,521234741,49890433
17628,0,0,0,182,-3,981,0,-105,890,16210,0,-300,0,579,0,0,0,147,147,147,147,1,7,521234538,49891091
17829,0,0,0,181,0,980,0,-104,891,16539,0,-300,0,579,0,0,0,147,148,147,147,1,7,521234435,49891139
18029,0,0,0,182,0,984,0,-105,891,16769,0,-300,0,579,0,0,0,147,147,147,147,1,7,521234693,49891680
18229,0,0,0,185,-1,983,0,-105,892,17000,0,-300,0,579,0,0,0,147,148,147,147,1,7,521234729,49891641
18429,0,0,0,181,0,981,0,-104,891,17330,0,-300,0,579,0,0,0,147,148,147,148,1,7,521234447,49891580
18629,0,0,0,182,0,985,0,-104,892,17527,0,-300,0,579,0,0,0,147,147,147,148,1,7,521234850,49892681
18830,0,0,0,184,1,982,0,-105,892,17922,0,-300,0,579,0,0,0,147,147,147,147,1,7,521234577,49892307
19030,0,0,0,181,0,982,0,-105,892,18120,0,-300,0,579,0,0,0,147,147,147,147,1,7,521234665,49892296
19230,0,0,0,182,-2,983,0,-104,892,18449,0,-300,0,579,0,0,0,147,148,147,147,1,7,521234659,49893128
19430,0,0,0,183,-2,983,0,-104,894,18678,0,-300,0,579,0,0,0,148,147,147,147,1,7,521234566,49893240
19631,0,0,0,180,1,984,0,-105,895,19039,0,-300,0,579,0,0,0,147,147,147,147,1,7,521234604,49893440
19831,0,0,0,182,0,986,0,-104,895,19172,0,-300,0,579,0,0,0,148,147,147,147,1,7,521234552,49893525
20031,1,0,0,182,1,983,0,-105,895,19469,0,-300,0,579,0,0,0,148,147,147,146,1,7,521234559,49894015
20231,0,0,0,184,0,984,0,-105,896,19830,0,-300,0,579,0,0,0,147,147,147,147,1,7,521234473,49893963
20431,0,0,0,181,0,983,0,-105,897,20125,0,-300,0,579,0,0,0,147,147,148,147,1,7,521234717,49894709
20632,0,-1,0,183,-2,983,0,-104,897,20390,0,-300,0,579,0,0,0,147,148,147,148,1,7,521234697,49895020
20832,0,0,0,180,0,981,0,-104,898,20719,0,-300,0,579,0,0,0,147,147,147,147,1,7,521234630,49894481
21032,0,0,0,185,0,984,0,-104,899,20916,0,-300,0,579,0,0,0,147,147,147,147,1,7,521234443,49895419
21232,0,0,0,181,2,982,0,-104,898,21245,0,-300,0,579,0,0,0,147,148,147,147,1,7,521234611,49895385
21432,0,0,0,185,0,983,0,-105,899,21476,0,-300,0,579,0,0,0,147,147,147,147,1,7,521234702,49895350
21633,0,0,0,180,0,983,0,-105,898,21770,0,-300,0,579,0,0,0,147,147,147,147,1,7,521234454,49896248
21833,0,0,0,184,0,983,0,-105,898,22065,0,-300,0,579,0,0,0,148,147,148,147,1,7,521234479,49896005
22033,0,0,0,181,0,985,0,-105,898,22360,0,-300,0,579,0,0,0,147,148,147,147,1,7,521234556,49896695
22233,0,0,-1,183,0,982,0,-105,898,22755,0,-300,0,579,0,0,0,147,148,147,147,1,7,521234385,49896194
22434,-285,777,-754,-244,-156,957,-89,142,767,22887,0,-300,0,579,0,2,-8,138,108,92,149,3,7,521234446,49896736
22634,-678,-100,-765,-363,-255,895,-151,215,628,23117,0,-300,0,579,-4,-1,-8,151,98,85,120,3,7,521234270,49896904
22834,353,296,-777,-304,-419,864,-251,176,496,23281,0,-300,0,579,3,2,-8,112,82,88,146,3,7,521234540,49897314
23034,-104,-149,-786,-363,-344,873,-209,212,369,23314,0,-300,0,579,-1,-1,-8,154,102,103,141,3,7,521234506,49897575
23234,-135,-222,577,-289,-391,879,-240,168,269,23314,0,-300,0,579,0,0,15,89,163,162,84,3,7,521234539,49897899
23435,15,50,712,-291,-392,877,-240,168,446,23282,0,-300,0,579,0,0,7,118,158,157,116,3,7,521234527,49897968
23635,1058,689,726,-351,-333,886,-204,205,615,23215,0,-300,0,579,7,4,8,88,151,167,147,3,7,521234870,49897901
23835,5,18,740,-494,-27,866,-26,295,762,23249,0,-300,0,579,-2,0,8,124,164,155,109,3,7,521234652,49897860
24035,9,0,754,-493,-21,872,-19,294,911,23217,0,-300,0,579,0,0,8,122,164,164,121,3,7,521234633,49898196
24235,155,5,765,-492,22,869,7,294,1063,23151,0,-300,0,579,0,0,8,117,162,162,120,3,7,521234611,49897853
24436,259,-46,775,-486,103,869,56,290,1218,23118,0,-300,0,579,1,0,8,113,156,163,119,3,7,521234449,49898406
24636,400,-243,782,-454,204,873,121,269,1374,23085,0,-300,0,579,2,-1,8,112,151,168,117,3,7,521234497,49898238
24836,317,-334,792,-362,324,877,196,212,1531,23052,0,-300,0,579,1,-1,8,115,153,168,116,3,7,521234512,49898093
25036,187,-293,800,-247,406,883,249,143,1691,22987,0,-300,0,579,0,-1,8,122,161,172,120,3,7,521234536,49897914
25236,104,-418,575,-135,455,879,277,77,-1752,22988,0,-300,0,579,0,-2,5,138,156,169,128,3,7,521234538,49897860
25437,-39,-538,393,1,474,883,286,-2,-1641,22921,0,-300,0,579,0,-2,4,142,150,161,128,3,7,521234606,49897648
25637,139,172,554,135,459,881,277,-77,-1560,23020,0,-300,0,579,0,1,6,116,159,152,128,3,7,521234437,49897593
25837,-35,-187,440,118,484,866,293,-68,-1451,22889,0,-300,0,579,0,-1,4,137,155,158,129,3,7,521234466,49897801
26037,-630,-795,218,211,449,872,270,-121,-1368,23020,0,-300,0,579,-3,-4,1,138,126,128,96,3,7,521234735,49897557
26238,-140,-156,426,397,291,878,176,-233,-1321,22953,0,-300,0,579,0,0,5,124,149,150,122,3,7,521234675,49897655
26438,-51,-23,788,432,248,876,153,-253,-1227,22953,0,-300,0,579,0,0,9,116,166,163,116,3,7,521234677,49897416
26638,384,106,812,444,214,872,134,-263,-1067,22920,0,-300,0,579,2,0,9,109,159,170,127,3,7,521234459,49897496
26838,-167,-128,818,452,266,858,166,-268,-905,22986,0,-300,0,579,-1,0,9,116,157,154,103,3,7,521234467,49897302
27038,-67,-182,431,495,179,853,117,-296,-761,22888,0,-300,0,579,0,0,4,139,155,163,137,3,7,521234298,49897373
27239,-700,108,89,531,128,839,87,-320,-697,22953,0,-300,0,579,-3,1,0,135,142,118,122,3,7,521234457,49896781
27439,267,-117,-17,509,-22,859,-1,-306,-697,22856,0,-300,0,579,2,0,0,148,141,158,155,3,7,521234239,49896839
27639,-939,417,-206,523,24,854,22,-314,-716,22954,0,-300,0,579,-6,2,-2,141,141,96,123,3,7,521234639,49896868
27839,409,-10,-87,442,-170,883,-96,-262,-764,22889,0,-300,0,579,3,0,0,140,134,152,155,3,7,521234408,49896751
28039,60,21,4,447,-54,891,-31,-265,-786,22856,0,-300,0,579,0,0,0,141,143,141,141,3,7,521234490,49896811
28240,-41,21,41,443,-47,893,-28,-262,-791,22889,0,-300,0,579,0,0,0,117,120,119,116,3,7,521234522,49896774
28440,179,-32,78,441,-48,895,-31,-260,-790,22953,0,-300,0,579,1,0,0,126,128,136,128,3,7,521234457,49896483
28640,352,-78,142,453,1,893,0,-266,-780,22888,0,-300,0,579,1,0,1,138,144,155,145,3,7,521234362,49896452
28840,-808,185,-93,458,42,890,25,-273,-766,22888,0,-300,0,579,-5,1,-1,143,142,110,124,3,7,521234649,49896642
29041,451,-88,34,427,-121,895,-71,-252,-790,22887,0,-300,0,579,3,0,0,129,127,150,143,3,7,521234412,49896193
29241,460,-96,49,452,9,892,3,-267,-790,22920,0,-300,0,579,2,0,0,124,125,138,133,3,7,521234313,49896266
29441,92,-16,-68,470,112,876,63,-279,-789,22888,0,-300,0,579,0,0,0,139,133,137,140,3,7,521234310,49896268
29641,-291,73,-322,464,117,877,71,-278,-814,22887,0,-300,0,579,-1,0,-3,151,132,122,144,3,7,521234382,49895679
29841,-377,59,-534,450,53,890,33,-267,-883,22953,0,-300,0,579,-1,0,-6,157,127,117,149,3,7,521234474,49896109
30042,-137,-16,-487,442,-9,899,-4,-262,-982,22953,0,-300,0,579,0,0,-5,148,119,118,144,3,7,521234546,49895487
30242,225,0,-181,446,-9,894,-4,-265,-1059,22920,0,-300,0,579,1,0,-1,136,130,134,145,3,7,521234562,49895813
30442,268,26,114,444,54,894,33,-263,-1075,22986,0,-300,0,579,1,0,1,120,129,135,127,3,7,521234565,49895310
30642,226,36,304,440,115,894,68,-260,-1037,22986,0,-300,0,579,1,0,3,128,147,152,134,3,7,521234530,49895386
30842,988,128,346,431,184,884,110,-256,-971,22887,0,-300,0,579,5,0,3,115,139,163,147,3,7,521234167,49895313
31043,-854,-54,50,429,344,851,211,-252,-908,22919,0,-300,0,579,-5,0,0,146,146,120,118,3,7,521234502,49895102
31243,-776,3,-278,437,115,891,77,-258,-907,22920,0,-300,0,579,-3,0,-3,158,140,125,142,3,7,521234589,49894880
31443,182,10,-156,439,-24,899,-5,-259,-955,22986,0,-300,0,579,1,0,-1,129,121,129,137,3,7,521234489,49894710
31643,-324,-77,32,439,20,897,15,-259,-975,22952,0,-300,0,579,-2,0,0,146,148,138,134,3,7,521234693,49894526
31844,353,4,313,455,-43,887,-22,-269,-958,22887,0,-300,0,579,2,0,3,127,146,157,138,3,7,521234570,49894726
32044,0,-15,475,453,23,889,15,-270,-892,22952,0,-300,0,579,0,0,5,120,148,145,117,3,7,521234615,49894673
32244,1042,-174,593,464,41,887,25,-276,-802,22854,0,-300,0,579,5,-1,6,123,150,183,141,3,7,521234207,49894452
32444,-873,205,230,510,202,840,122,-305,-707,22854,0,-300,0,579,-5,1,2,147,164,132,127,3,7,521234530,49894240
32644,-376,110,-167,460,-20,888,-6,-273,-687,22887,0,-300,0,579,-1,0,-2,153,143,136,148,3,7,521234453,49894324
32845,439,-121,-225,449,-59,891,-32,-265,-733,22951,0,-300,0,579,2,0,-2,130,114,130,140,3,7,521234264,49894237
33045,-118,65,-268,464,48,882,28,-277,-786,22984,0,-300,0,579,-1,0,-3,145,133,124,144,3,7,521234395,49893981
33245,-590,102,-432,448,0,892,2,-266,-846,22951,0,-300,0,579,-2,0,-4,156,133,116,143,3,7,521234587,49893794
33445,296,-4,-242,437,-93,894,-53,-258,-925,22886,0,-300,0,579,1,0,-2,147,134,142,156,3,7,521234495,49893773
33645,883,52,42,434,27,899,14,-257,-960,22917,0,-300,0,579,4,0,0,116,121,141,139,3,7,521234299,49893626
33846,-284,-45,-79,425,194,884,114,-253,-951,22951,0,-300,0,579,-1,0,0,145,139,130,134,3,7,521234477,49893834
34046,4,13,-115,435,127,891,78,-258,-963,22918,0,-300,0,579,0,0,-1,143,137,138,145,3,7,521234431,49893406
34246,-784,-98,-308,436,99,893,62,-258,-985,22918,0,-300,0,579,-3,0,-3,165,144,127,142,3,7,521234685,49893082
34446,254,34,24,456,-40,889,-21,-272,-1028,22885,0,-300,0,579,1,0,0,131,135,143,141,3,7,521234593,49893262
34647,1120,190,329,443,64,896,41,-262,-1006,22984,0,-300,0,579,5,1,3,99,124,146,132,3,7,521234275,49893398
34847,-951,-113,225,423,239,876,145,-250,-941,22950,0,-300,0,579,-5,0,2,148,159,134,119,3,7,521234695,49893043
35047,-104,-10,189,446,15,894,14,-263,-898,22885,0,-300,0,579,0,0,2,139,148,151,139,3,7,521234575,49892921
35247,416,-29,231,447,17,893,12,-265,-862,22950,0,-300,0,579,1,0,2,119,131,142,127,3,7,521234409,49892883
35447,-53,-3,181,455,89,883,56,-271,-823,22918,0,-300,0,579,0,0,2,134,143,143,132,3,7,521234446,49892448
35648,-137,19,22,456,64,886,40,-271,-799,22886,0,-300,0,579,0,0,0,154,154,152,151,3,7,521234439,49892500
35848,-107,25,-136,454,29,890,21,-268,-805,22885,0,-300,0,579,0,0,-1,141,134,132,141,3,7,521234434,49892643
36048,-223,43,-128,444,2,894,6,-264,-836,22950,0,-300,0,579,-1,0,-1,139,132,125,133,3,7,521234523,49892209
36248,192,-10,-89,439,-21,897,-12,-260,-862,22918,0,-300,0,579,0,0,-1,139,133,137,142,3,7,521234451,49892527
36448,-128,0,3,441,13,896,10,-261,-879,22852,0,-300,0,579,0,0,0,148,148,144,143,3,7,521234552,49892110
36649,-67,-7,-43,442,-18,895,-9,-261,-880,22885,0,-300,0,579,0,0,0,143,140,139,142,3,7,521234550,49891560
36849,232,-14,20,447,-14,899,-8,-263,-888,22917,0,-300,0,579,1,0,0,137,139,145,144,3,7,521234479,49892209
37049,687,-28,217,447,68,894,39,-265,-879,22918,0,-300,0,579,2,0,2,124,136,152,138,3,7,521234297,49892130
37249,-286,12,-11,457,182,875,109,-272,-846,22885,0,-300,0,579,-1,0,0,154,151,145,145,3,7,521234410,49891894
37449,-771,73,-311,449,81,891,51,-267,-860,22950,0,-300,0,579,-3,0,-3,151,133,116,135,3,7,521234592,49891697
37650,-893,-30,-381,442,-110,890,-60,-262,-923,22885,0,-300,0,579,-3,0,-4,166,142,125,145,3,7,521234845,49891598
37850,297,-60,224,464,-252,856,-149,-276,-975,22915,0,-300,0,579,1,0,2,122,136,144,130,3,7,521234799,49891519
38050,857,24,681,472,-153,873,-94,-279,-916,22981,0,-300,0,579,3,0,7,99,140,157,119,3,7,521234596,49891217
38250,233,-20,753,472,5,881,-3,-280,-787,22949,0,-300,0,579,0,0,8,118,160,164,120,3,7,521234565,49890924
38451,-39,-25,502,477,12,877,3,-284,-664,22949,0,-300,0,579,0,0,5,120,149,146,119,3,7,521234460,49891205
38651,553,-293,470,491,13,870,5,-295,-587,22916,0,-300,0,579,2,-1,5,128,149,167,134,3,7,521234153,49890946
38851,-603,159,-176,536,70,841,41,-325,-539,22916,0,-300,0,579,-2,0,-2,148,141,122,137,3,7,521234306,49890599
39051,-1214,641,-715,482,-104,872,-59,-287,-608,22884,0,-300,0,579,-5,2,-8,173,143,104,161,3,7,521234606,49890619
39251,-299,54,-734,392,-334,864,-200,-230,-758,22884,0,-300,0,579,0,0,-8,167,125,122,164,3,7,521234645,49890768
39452,1403,-154,-212,420,-284,872,-172,-247,-885,22818,0,-300,0,579,6,0,-2,121,107,143,151,3,7,521234341,49890593
39652,763,-26,4,443,52,895,23,-263,-917,22850,0,-300,0,579,2,0,0,127,128,141,140,3,7,521234299,49890255
39852,-65,-8,-176,449,190,873,108,-266,-920,22948,0,-300,0,579,0,0,-2,151,140,138,148,3,7,521234365,49890408
40052,-1526,-142,-751,454,95,883,58,-270,-967,22849,0,-300,0,579,-6,0,-8,179,131,102,140,3,7,521234802,49890191
40252,749,172,-475,495,-136,857,-78,-296,-1093,22915,0,-300,0,579,4,0,-5,131,108,124,155,3,7,521234481,49890011
40453,666,231,12,443,81,888,45,-264,-1152,22882,0,-300,0,579,2,0,0,133,137,146,148,3,7,521234465,49890241
40653,-245,-124,145,416,186,894,111,-244,-1129,22980,0,-300,0,579,-1,0,1,138,142,139,127,3,7,521234656,49889467
40853,110,46,287,438,131,891,80,-258,-1083,22947,0,-300,0,579,0,0,3,129,147,148,134,3,7,521234577,49890074
41053,493,123,296,425,170,890,104,-251,-1018,22915,0,-300,0,579,1,0,3,123,141,150,133,3,7,521234372,49890016
41254,-172,-37,156,416,242,881,149,-244,-960,22915,0,-300,0,579,-1,0,1,132,139,136,126,3,7,521234430,49889585
41454,-954,-73,-226,428,141,895,92,-253,-940,22947,0,-300,0,579,-3,0,-2,150,134,118,129,3,7,521234657,49889987
41654,-30,-19,-232,446,-36,895,-14,-264,-980,22849,0,-300,0,579,0,0,-2,148,134,136,149,3,7,521234578,49889121
41854,197,-1,73,449,-16,893,-5,-267,-1007,22981,0,-300,0,579,0,0,0,116,121,125,120,3,7,521234594,49889111
42054,-229,-53,156,451,5,891,5,-269,-984,22981,0,-300,0,579,-1,0,1,134,143,137,128,3,7,521234707,49889204
42255,-2,1,405,461,-47,885,-27,-274,-942,22914,0,-300,0,579,0,0,4,123,146,146,122,3,7,521234710,49888792
42455,19,25,552,458,-61,884,-37,-272,-860,22882,0,-300,0,579,0,0,6,128,158,157,124,3,7,521234689,49888479
42655,379,-66,670,451,-55,888,-35,-269,-758,22882,0,-300,0,579,1,0,7,116,151,161,120,3,7,521234515,49888865
42855,117,-98,529,473,0,878,-2,-282,-648,22848,0,-300,0,579,0,0,5,127,156,158,127,3,7,521234413,49888857
43055,58,-144,260,497,5,865,0,-298,-575,22882,0,-300,0,579,0,0,2,128,139,142,124,3,7,521234282,49888760
43256,-122,4,-243,524,-1,851,-2,-314,-565,22883,0,-300,0,579,0,0,-2,147,132,130,144,3,7,521234219,49888669
43456,-771,435,-721,497,-56,862,-33,-298,-646,22882,0,-300,0,579,-3,1,-8,170,136,112,162,3,7,521234467,49888423
43656,-221,97,-737,433,-191,885,-115,-256,-794,22881,0,-300,0,579,0,0,-8,156,113,112,153,3,7,521234528,49888442
43856,670,-34,-490,436,-162,886,-99,-257,-927,22881,0,-300,0,579,3,0,-5,143,116,130,159,3,7,521234414,49887995
44057,0,-71,-371,444,-11,897,-11,-261,-1011,22914,0,-300,0,579,0,0,-4,146,123,123,142,3,7,521234575,49887961
44257,598,123,-65,445,40,893,19,-265,-1061,22882,0,-300,0,579,2,0,0,132,130,141,146,3,7,521234440,49887873
44457,57,6,-40,422,159,892,91,-251,-1061,22914,0,-300,0,579,0,0,0,134,131,132,134,3,7,521234494,49887920
44657,127,46,-50,424,176,891,103,-249,-1058,22882,0,-300,0,579,0,0,0,134,132,134,137,3,7,521234440,49887477
44857,-778,-216,-359,427,145,893,89,-252,-1068,22882,0,-300,0,579,-2,-1,-4,158,131,122,138,3,7,521234691,49887793
45058,416,150,-34,458,33,889,25,-272,-1112,22981,0,-300,0,579,2,0,0,118,120,126,132,3,7,521234526,49887372
45258,118,29,185,427,126,899,77,-253,-1097,22883,0,-300,0,579,0,0,2,138,149,151,141,3,7,521234575,49887777
45458,-474,-140,290,434,106,894,67,-258,-1047,22981,0,-300,0,579,-2,0,3,127,141,132,113,3,7,521234764,49887478
45658,828,148,393,447,52,889,36,-267,-981,22916,0,-300,0,579,3,0,4,124,147,165,143,3,7,521234372,49886973
45858,-73,-31,424,435,197,881,120,-258,-901,22818,0,-300,0,579,0,0,4,144,167,165,140,3,7,521234462,49886927
46059,-675,26,32,444,115,890,73,-264,-837,22883,0,-300,0,579,-2,0,0,132,134,120,118,3,7,521234576,49887110
46259,187,-35,64,442,-1,895,4,-263,-834,22981,0,-300,0,579,0,0,0,122,125,130,125,3,7,521234431,49887024
46459,-624,73,-92,448,-6,890,0,-264,-832,22949,0,-300,0,579,-2,0,-1,153,148,136,141,3,7,521234658,49886274
46659,-319,18,-64,434,-143,888,-82,-256,-853,22949,0,-300,0,579,0,0,0,145,142,137,141,3,7,521234723,49886534
46859,656,-73,424,434,-150,889,-91,-258,-850,22916,0,-300,0,579,2,0,4,123,146,160,134,3,7,521234549,49886652
47060,210,-44,471,452,-29,889,-18,-269,-773,22883,0,-300,0,579,0,0,5,135,160,165,136,3,7,521234513,49886277
47260,-65,-14,440,462,-11,887,-8,-275,-696,22948,0,-300,0,579,0,0,4,130,156,151,127,3,7,521234504,49886157
47460,30,-57,146,466,-37,881,-24,-277,-639,22981,0,-300,0,579,0,0,1,130,137,138,128,3,7,521234378,49885932
47660,-46,2,-99,475,-36,878,-24,-284,-637,22914,0,-300,0,579,0,0,-1,143,139,137,145,3,7,521234345,49885681
47861,-246,121,-437,465,-59,883,-36,-278,-685,22980,0,-300,0,579,0,0,-5,151,126,122,149,3,7,521234400,49886213
48061,-406,123,-633,443,-117,888,-70,-262,-786,22914,0,-300,0,579,-1,0,-7,166,131,123,161,3,7,521234549,49885834
48261,226,-35,-528,439,-151,889,-92,-258,-906,22880,0,-300,0,579,1,0,-5,162,130,138,166,3,7,521234511,49885859
48461,1024,94,-49,437,-10,900,-11,-260,-983,23012,0,-300,0,579,3,0,0,128,125,144,147,3,7,521234302,49885711
48661,-1041,-207,-503,436,108,894,60,-257,-1003,23012,0,-300,0,579,-3,-1,-5,164,129,115,139,3,7,521234740,49885507
48862,308,60,-117,474,-45,879,-30,-283,-1075,22913,0,-300,0,579,1,0,-1,136,130,136,144,3,7,521234617,49885160
49062,-254,-106,73,471,-6,884,-3,-280,-1079,22913,0,-300,0,579,-1,0,0,139,141,137,131,3,7,521234810,49885141
49262,587,163,526,475,-14,881,-10,-284,-1037,22945,0,-300,0,579,2,0,5,115,147,155,128,3,7,521234612,49885389
49462,539,64,653,447,116,885,67,-267,-927,22978,0,-300,0,579,1,0,7,110,146,157,118,3,7,521234435,49884926
49662,-867,57,202,448,127,886,75,-266,-823,22912,0,-300,0,579,-3,0,2,152,165,146,135,3,7,521234665,49885280
49863,-30,-29,38,437,-49,894,-26,-260,-798,22978,0,-300,0,579,0,0,0,148,149,150,148,3,7,521234514,49884762
50063,522,-107,96,451,-13,891,-5,-268,-794,22945,0,-300,0,579,2,0,1,134,137,150,142,3,7,521234318,49884962
50263,-746,135,-265,459,26,885,16,-274,-797,22946,0,-300,0,579,-2,0,-3,155,142,125,143,3,7,521234600,49884407
50463,-285,21,-391,442,-126,892,-73,-261,-859,22848,0,-300,0,579,0,0,-4,154,131,129,152,3,7,521234627,49884309
50664,728,-2,31,443,-106,889,-62,-263,-916,22947,0,-300,0,579,3,0,0,116,119,133,132,3,7,521234444,49884358
50864,-285,-15,-18,446,7,897,3,-264,-911,23013,0,-300,0,579,-1,0,0,135,136,128,130,3,7,521234634,49884534
51064,858,3,334,445,21,895,10,-265,-899,22914,0,-300,0,579,3,0,3,131,149,166,147,3,7,521234327,49884121
51264,-1079,59,-226,449,85,887,50,-266,-860,22946,0,-300,0,579,-4,0,-2,150,137,115,128,3,7,521234706,49884297
51464,390,-14,-101,443,-79,894,-45,-263,-900,22979,0,-300,0,579,1,0,-1,142,137,147,153,3,7,521234469,49884134
51665,-634,-29,-226,448,-51,893,-29,-266,-924,22881,0,-300,0,579,-2,0,-2,158,144,134,146,3,7,521234762,49883722
51865,1070,79,204,448,-72,886,-45,-268,-946,22881,0,-300,0,579,4,0,2,120,134,153,142,3,7,521234370,49884273
52065,441,-12,357,441,154,885,88,-262,-898,22912,0,-300,0,579,1,0,3,129,147,155,134,3,7,521234332,49883796
52265,-692,7,-183,451,160,880,96,-268,-854,22881,0,-300,0,579,-2,0,-2,150,139,127,138,3,7,521234504,49883441
52465,-1146,-17,-673,448,-53,889,-27,-267,-912,22848,0,-300,0,579,-3,0,-7,171,131,114,150,3,7,521234799,49883453
52666,703,48,-201,470,-176,867,-103,-279,-1016,23012,0,-300,0,579,3,0,-2,118,109,122,136,3,7,521234554,49883379
52866,496,62,223,456,8,892,0,-270,-1027,22945,0,-300,0,579,1,0,2,142,156,162,150,3,7,521234551,49882785
53066,437,48,442,438,122,890,69,-262,-968,22944,0,-300,0,579,1,0,4,120,146,152,127,3,7,521234444,49883611
53266,-723,-26,143,446,123,889,73,-264,-895,22945,0,-300,0,579,-3,0,1,141,148,134,124,3,7,521234672,49883087
53467,193,-13,125,451,0,894,2,-267,-871,22847,0,-300,0,579,0,0,1,133,139,143,136,3,7,521234475,49882927
53667,265,-21,46,454,55,887,33,-270,-852,23012,0,-300,0,579,1,0,0,114,116,121,119,3,7,521234364,49883165
53867,-705,60,-276,452,42,888,26,-269,-860,22913,0,-300,0,579,-2,0,-3,163,149,132,150,3,7,521234618,49882587
54067,-295,-9,-343,446,-106,887,-58,-265,-918,22913,0,-300,0,579,0,0,-3,153,133,129,148,3,7,521234674,49882653
54267,649,37,108,451,-87,889,-51,-267,-960,22914,0,-300,0,579,2,0,1,127,134,146,141,3,7,521234505,49882473
54468,194,1,223,445,45,896,25,-263,-931,22882,0,-300,0,579,0,0,2,142,154,157,143,3,7,521234517,49882661
54668,239,-13,240,443,91,890,53,-265,-886,23012,0,-300,0,579,0,0,2,121,133,137,122,3,7,521234411,49882127
54868,-569,26,22,450,75,888,45,-267,-853,22979,0,-300,0,579,-1,0,0,137,138,129,128,3,7,521234605,49882130
55068,-533,24,-341,442,-77,892,-42,-262,-869,22913,0,-300,0,579,-1,0,-3,162,142,135,155,3,7,521234680,49882164
55268,595,-4,90,444,-107,889,-62,-264,-915,22881,0,-300,0,579,1,0,1,138,142,153,147,3,7,521234496,49881612
55469,-67,-5,108,446,-6,892,-4,-265,-896,22946,0,-300,0,579,0,0,1,135,141,139,132,3,7,521234600,49882232
55669,975,-64,523,454,64,893,35,-268,-857,22915,0,-300,0,579,3,0,5,115,143,161,129,3,7,521234240,49881693
55869,-292,-13,157,478,189,861,113,-283,-778,22980,0,-300,0,579,-1,0,1,125,133,126,116,3,7,521234351,49881788
56069,-1456,253,-734,459,6,889,9,-272,-793,22913,0,-300,0,579,-4,0,-8,176,138,109,155,3,7,521234718,49881200
56270,-84,-89,-746,445,-238,870,-138,-263,-938,22946,0,-300,0,579,0,0,-8,159,114,117,157,3,7,521234677,49881314
56470,1201,136,153,458,-113,882,-69,-273,-1031,22880,0,-300,0,579,4,1,1,124,138,154,150,3,7,521234430,49881108
56670,-387,-115,70,451,61,890,32,-267,-998,22912,0,-300,0,579,-1,0,0,129,131,125,119,3,7,521234733,49881326
56870,1076,122,661,457,81,885,45,-272,-953,22945,0,-300,0,579,3,0,7,113,153,168,132,3,7,521234309,49881505
57070,-151,-47,346,458,238,863,140,-273,-840,22912,0,-300,0,579,0,0,3,133,153,149,129,3,7,521234358,49881350
57271,-307,-15,-118,472,161,869,101,-282,-800,22945,0,-300,0,579,-1,0,-1,151,144,138,145,3,7,521234307,49880873
57471,-1032,110,-739,461,14,885,16,-276,-856,22913,0,-300,0,579,-3,0,-8,171,131,111,155,3,7,521234611,49881035
57671,-226,-85,-751,466,-166,871,-91,-277,-996,22816,0,-300,0,579,0,0,-8,174,128,129,169,3,7,521234674,49880889
57871,347,-39,-356,495,-141,860,-82,-294,-1110,22915,0,-300,0,579,1,0,-3,149,128,135,153,3,7,521234715,49880700
58071,1299,421,707,465,52,882,26,-276,-1115,23014,0,-300,0,579,4,1,8,88,134,150,115,3,7,521234411,49880656
58272,58,-63,734,424,265,871,156,-250,-968,22948,0,-300,0,579,0,0,8,110,150,150,107,3,7,521234468,49880282
58472,-707,-37,106,453,180,875,109,-267,-860,22949,0,-300,0,579,-2,0,1,152,157,145,138,3,7,521234556,49880109
58672,98,-31,179,459,57,886,40,-273,-838,22982,0,-300,0,579,0,0,2,126,135,139,127,3,7,521234400,49880084
58872,-526,69,-292,459,19,885,17,-273,-831,22915,0,-300,0,579,-1,0,-3,157,141,131,149,3,7,521234545,49879746
59072,0,12,-262,452,-60,886,-33,-267,-888,22884,0,-300,0,579,0,0,-2,149,134,135,151,3,7,521234521,49879897
59273,671,16,307,443,18,894,9,-265,-907,23014,0,-300,0,579,2,0,3,105,124,134,117,3,7,521234354,49879876
59473,-874,27,-390,444,36,893,23,-264,-883,22982,0,-300,0,579,-2,0,-4,147,126,111,134,3,7,521234698,49879663
59673,-428,-76,-437,453,-146,881,-85,-269,-962,22883,0,-300,0,579,-1,0,-4,158,132,125,149,3,7,521234838,49879611
59873,1323,163,591,458,-81,884,-50,-272,-993,22948,0,-300,0,579,4,0,6,99,136,156,125,3,7,521234415,49879905
60074,-12,-50,583,448,133,883,77,-266,-877,22915,0,-300,0,579,0,0,6,130,162,160,126,3,7,521234526,49879262
60274,-384,12,240,460,70,882,42,-273,-789,22883,0,-300,0,579,-1,0,2,130,145,135,123,3,7,521234545,49879484
60474,47,-48,331,461,0,888,2,-274,-747,22947,0,-300,0,579,0,0,3,120,139,140,121,3,7,521234436,49879350
60674,-610,179,-293,454,-62,890,-35,-268,-726,22882,0,-300,0,579,-2,0,-3,153,140,125,146,3,7,521234595,49879235
60874,-284,51,-454,423,-191,889,-111,-250,-802,22913,0,-300,0,579,0,0,-5,88,62,58,85,3,7,521234702,49878647
61075,731,-82,249,431,-147,890,-91,-255,-861,22848,0,-300,0,579,2,0,2,53,66,80,66,3,7,521234486,49878870
61275,359,-77,623,452,8,890,1,-267,-797,22520,0,-300,0,579,0,0,7,55,91,95,59,3,7,521234424,49878263
61475,-279,31,187,463,20,887,9,-276,-708,22091,0,-300,0,579,-1,0,2,88,100,93,84,3,7,521234455,49878608
61675,-4,-51,229,463,-31,883,-21,-275,-680,21532,0,-300,0,579,0,0,2,98,110,110,95,3,7,521234340,49878281
61875,-864,322,-727,441,-122,890,-74,-261,-692,21005,0,-300,0,579,-2,0,-8,119,80,63,108,3,7,521234616,49878291
62076,-290,-23,-742,410,-282,876,-170,-241,-842,20347,0,-300,0,579,0,0,-8,108,63,63,103,3,7,521234725,49878348
62276,1050,715,273,372,-206,909,-127,-216,-933,19724,0,-300,0,579,3,2,3,89,117,124,120,3,7,521234438,49877817
62476,67,-181,14,273,-19,961,-17,-158,-892,19066,0,-300,0,579,0,0,0,108,106,109,104,3,7,521234588,49877970
62676,730,-539,745,359,71,930,35,-210,-851,18343,0,-300,0,579,1,-1,8,72,105,125,72,3,7,521234306,49878277
62877,53,-207,758,476,173,866,101,-284,-708,17718,0,-300,0,579,0,-1,8,100,137,142,93,3,7,521234187,49878011
63077,-1452,850,-729,449,15,894,12,-267,-638,16996,0,-300,0,579,-5,2,-8,141,110,72,126,3,7,521234623,49877808
63277,-273,535,-744,281,-255,928,-147,-162,-787,16339,0,-300,0,579,0,1,-8,121,87,75,126,3,7,521234616,49877530
63477,558,-337,-610,248,-236,944,-138,-142,-920,15713,0,-300,0,579,2,-1,-6,137,96,114,143,3,7,521234494,49877563
63677,-137,-43,-765,307,-142,940,-83,-181,-1040,15024,0,-300,0,579,0,0,-8,140,97,95,138,3,7,521234730,49877418
63878,1073,-245,393,352,-31,934,-22,-206,-1118,14366,0,-300,0,579,3,0,4,78,96,118,91,3,7,521234488,49877858
64078,369,-83,728,405,179,897,103,-239,-1009,13807,0,-300,0,579,0,0,8,98,135,143,98,3,7,521234444,49877637
64278,-156,417,742,395,203,899,119,-231,-863,13150,0,-300,0,579,0,1,8,100,149,140,104,3,7,521234420,49877243
64478,-529,610,-174,275,102,953,62,-159,-772,12461,0,-300,0,579,-1,2,-1,112,114,94,115,3,7,521234491,49877088
64678,-537,-714,-742,244,-52,967,-26,-141,-841,11968,0,-300,0,579,0,-2,-8,143,86,96,123,3,7,521234559,49877471
64879,264,150,-558,360,-88,930,-49,-211,-974,11312,0,-300,0,579,0,0,-6,136,107,109,144,3,7,521234501,49877164
65079,329,650,731,268,7,963,5,-156,-1013,10720,0,-300,0,579,1,1,8,67,119,116,84,3,7,521234416,49876889
65279,-170,237,-61,141,45,987,25,-81,-914,10160,0,-300,0,579,0,0,0,121,122,115,122,3,7,521234520,49876736
65479,-150,-903,-748,197,-8,979,-3,-113,-967,9537,0,-300,0,579,0,-3,-8,149,90,108,134,3,7,521234596,49877246
65680,-85,-148,-760,364,-13,930,-9,-215,-1118,8880,0,-300,0,579,0,0,-8,125,80,82,123,3,7,521234669,49876935
65880,547,-120,-368,404,55,912,30,-239,-1247,8389,0,-300,0,579,2,0,-4,129,107,119,138,3,7,521234651,49877228
66080,523,596,719,357,220,913,129,-208,-1257,7831,0,-300,0,579,1,1,8,96,145,147,114,3,7,521234455,49877011
66280,-486,-367,-588,319,241,917,143,-185,-1188,7208,0,-300,0,579,-1,-1,-6,143,102,101,128,3,7,521234686,49877075
66480,-437,-115,-769,388,122,915,76,-227,-1317,6912,0,-300,0,579,-1,0,-8,145,100,96,137,3,7,521234820,49876982
66681,-154,1067,-778,289,61,953,38,-168,-1462,6322,0,-300,0,579,0,3,-8,161,134,114,176,3,7,521234619,49876570
66881,837,441,708,56,118,993,73,-32,-1511,5960,0,-300,0,579,2,0,7,102,147,157,121,3,7,521234481,49876881
67081,-298,-309,-772,41,234,968,138,-22,-1454,5665,0,-300,0,579,-1,0,-8,163,115,113,153,3,7,521234688,49876647
67281,-432,-831,-782,176,138,971,81,-102,-1609,5305,0,-300,0,579,-1,-2,-8,165,107,114,144,3,7,521234889,49876273
67481,645,768,706,235,160,959,94,-135,-1681,4977,0,-300,0,579,2,2,7,122,174,173,144,3,7,521234450,49876592
67682,440,-260,721,149,320,937,188,-84,-1537,4681,0,-300,0,579,1,-1,8,121,155,168,120,3,7,521234699,49877078
67882,-238,375,737,169,349,920,207,-98,-1391,4452,0,-300,0,579,0,1,8,122,169,159,122,3,7,521234563,49876617
68082,-406,-494,-282,179,262,950,153,-103,-1309,4321,0,-300,0,579,-1,-1,-2,150,130,132,135,3,7,521234633,49876541
68282,-139,-670,745,330,186,928,111,-194,-1289,4125,0,-300,0,579,0,-2,8,138,168,176,122,3,7,521234733,49876974
68483,846,1428,756,290,226,929,135,-167,-1139,3993,0,-300,0,579,3,4,8,96,161,156,134,3,7,521234210,49876440
68683,-789,-492,103,138,284,949,169,-77,-1028,3927,0,-300,0,579,-2,-1,1,138,134,131,115,3,7,521234558,49876685
68883,-112,251,767,191,138,971,83,-109,-965,3732,0,-300,0,579,0,0,8,124,171,163,124,3,7,521234457,49876238
69083,-95,-895,776,256,110,959,65,-148,-810,3634,0,-300,0,579,0,-2,8,121,150,162,102,3,7,521234379,49876852
69283,-258,219,785,378,36,925,22,-223,-655,3503,0,-300,0,579,-1,0,8,112,161,148,108,3,7,521234437,49876457
69484,-1014,604,-705,270,-141,951,-81,-157,-583,3404,0,-300,0,579,-3,1,-7,164,133,107,156,3,7,521234666,49876713
69684,105,540,776,134,-292,946,-170,-78,-634,3272,0,-300,0,579,0,2,8,111,166,160,126,3,7,521234595,49876364
69884,-24,166,-710,7,-274,960,-159,-3,-572,3141,0,-300,0,579,0,0,-7,154,115,112,155,3,7,521234723,49876229
70084,260,-489,-726,52,-253,965,-146,-28,-716,2976,0,-300,0,579,1,-1,-8,158,107,124,155,3,7,521234599,49876382
70284,781,-388,759,186,-104,978,-60,-107,-772,3042,0,-300,0,579,2,-1,8,97,133,152,102,3,7,521234385,49876409
70485,-287,-56,-727,262,-26,964,-16,-151,-712,2944,0,-300,0,579,0,0,-8,171,129,125,166,3,7,521234550,49876436
70685,692,644,757,200,20,979,10,-115,-769,2912,0,-300,0,579,2,1,8,104,157,158,125,3,7,521234355,49876015
70885,-944,241,-728,76,26,998,14,-41,-708,2846,0,-300,0,579,-3,0,-8,165,126,106,151,3,7,521234775,49876114
71085,853,-360,754,86,-33,996,-19,-49,-765,2748,0,-300,0,579,3,-1,8,104,140,164,113,3,7,521234306,49876241
71285,-347,-121,765,173,56,980,34,-100,-613,2650,0,-300,0,579,-1,0,8,113,156,150,104,3,7,521234484,49876334
71486,6,-181,776,211,-7,980,-3,-122,-458,2618,0,-300,0,579,0,0,8,115,156,159,111,3,7,521234409,49876349
71686,-1084,403,784,201,-154,967,-89,-114,-302,2618,0,-300,0,579,-3,1,8,120,175,147,111,3,7,521234640,49876374
71886,-166,-570,-703,165,-356,922,-209,-95,-238,2520,0,-300,0,579,0,-2,-7,166,114,126,154,3,7,521234284,49876721
72086,1046,403,235,237,-244,939,-142,-135,-317,2454,0,-300,0,579,3,1,1,123,141,150,150,3,7,521234441,49876104
72287,-169,-114,-717,181,-93,980,-55,-104,-344,2422,0,-300,0,579,0,0,-8,141,96,98,135,3,7,521234485,49876414
72487,-578,-257,-732,232,-188,956,-110,-135,-489,2389,0,-300,0,579,-1,-1,-8,148,99,97,132,3,7,521234603,49876756
72687,120,-332,-744,331,-259,912,-151,-193,-636,2389,0,-300,0,579,0,-1,-8,143,96,104,142,3,7,521234545,49876721
72887,1101,265,-334,367,-72,931,-47,-213,-763,2258,0,-300,0,579,3,0,-2,115,105,120,137,3,7,521234262,49876354
73087,-404,343,735,280,67,958,36,-160,-745,2193,0,-300,0,579,-1,1,8,106,155,141,107,3,7,521234564,49876286
73288,-523,-39,746,227,-72,972,-44,-130,-596,2095,0,-300,0,579,-1,0,8,113,157,146,104,3,7,521234650,49876520
73488,-500,205,759,197,-234,951,-138,-114,-446,1930,0,-300,0,579,-1,1,8,118,166,152,114,3,7,521234719,49876580
73688,251,-92,-726,150,-293,945,-172,-87,-392,1865,0,-300,0,579,1,0,-8,150,105,115,153,3,7,521234516,49876485
73888,-26,410,756,134,-244,960,-143,-75,-440,1734,0,-300,0,579,0,1,8,107,158,151,115,3,7,521234736,49876274
74088,-20,28,766,45,-248,964,-146,-27,-288,1602,0,-300,0,579,0,0,8,99,146,142,102,3,7,521234658,49876371
74289,-485,-282,-719,58,-315,946,-186,-33,-231,1439,0,-300,0,579,-1,-1,-8,171,123,121,156,3,7,521234568,49876670
74489,299,715,764,45,-350,937,-207,-24,-279,1242,0,-300,0,579,1,3,8,110,169,160,133,3,7,521234762,49876273
74689,56,-95,774,-74,-286,956,-168,42,-126,1241,0,-300,0,579,0,0,8,124,167,170,125,3,7,521234604,49876420
74889,-11,-110,782,-52,-279,956,-161,30,29,1112,0,-300,0,579,0,0,8,126,171,169,124,3,7,521234570,49876430
75090,260,180,754,-71,-246,968,-142,41,187,1012,0,-300,0,579,1,0,6,117,152,154,127,3,7,521234586,49876337
75290,162,518,796,-178,-179,964,-105,101,311,948,0,-300,0,579,0,1,8,114,168,164,128,3,7,521234741,49876445
75490,37,-624,-693,-187,-128,971,-75,109,371,817,0,-300,0,579,0,-1,-7,164,116,126,156,3,7,521234481,49876246
75690,-757,-28,-710,-83,-223,971,-130,48,231,653,0,-300,0,579,-2,0,-7,175,133,123,163,3,7,521234414,49876709
75890,202,103,770,-65,-319,947,-188,38,189,588,0,-300,0,579,0,0,8,116,164,164,124,3,7,521234581,49876468
76091,-143,-14,-717,-102,-303,947,-175,58,241,653,0,-300,0,579,0,0,-7,163,120,118,156,3,7,521234453,49876592
76291,765,-756,-731,22,-232,973,-133,-13,96,522,0,-300,0,579,3,-2,-8,166,112,140,169,3,7,521234319,49875986
76491,-174,817,755,46,-115,992,-67,-25,47,490,0,-300,0,579,0,2,8,114,173,154,126,3,7,521234739,49876280
76691,412,74,274,-109,-80,989,-45,62,169,457,0,-300,0,579,1,0,1,135,148,152,145,3,7,521234644,49876077
76891,-523,-570,-728,-47,-83,997,-46,27,142,425,0,-300,0,579,-1,-2,-8,167,115,118,148,3,7,521234345,49876323
77092,217,201,-120,26,-124,990,-73,-17,38,392,0,-300,0,579,0,0,0,132,131,131,139,3,7,521234555,49876188
77292,-267,-212,-744,21,-128,990,-74,-13,-26,359,0,-300,0,579,0,0,-8,167,121,121,159,3,7,521234473,49876382
77492,249,164,431,44,-135,989,-77,-26,-85,294,0,-300,0,579,0,0,3,122,142,143,130,3,7,521234547,49876098
77692,-393,-256,-748,46,-148,984,-85,-28,-100,227,0,-300,0,579,-1,-1,-8,161,114,113,150,3,7,521234481,49876188
77893,-41,-37,-144,113,-212,972,-124,-64,-219,293,0,-300,0,579,0,0,0,0,0,0,0,0,7,521234696,49876740
78093,-1,0,-2,111,-220,969,-126,-65,-226,-35,0,-300,0,579,0,0,0,0,0,0,0,0,7,521234623,49876579
78293,0,0,0,117,-220,968,-126,-65,-226,-35,0,-300,0,579,0,0,0,0,0,0,0,0,7,521234517,49876381
78493,0,0,0,110,-218,968,-126,-65,-226,-35,0,-300,0,579,0,0,0,0,0,0,0,0,7,521234630,49876221
78693,0,0,0,115,-220,967,-126,-65,-226,-1,0,-300,0,579,0,0,0,0,0,0,0,0,7,521234613,49876248
78894,0,0,-1,114,-217,969,-126,-65,-226,0,0,-300,0,579,0,0,0,0,0,0,0,0,7,521234529,49876389
79094,0,0,0,119,-218,969,-126,-65,-226,0,0,-300,0,579,0,0,0,0,0,0,0,0,7,521234411,49876225
79294,-1,-1,0,111,-216,972,-126,-65,-226,66,0,0,0,549,0,0,0,0,0,0,0,0,7,521234354,49876864
79494,0,0,0,115,-219,972,-126,-65,-226,99,0,0,0,549,0,0,0,0,0,0,0,0,7,521234686,49876778
79694,0,0,0,114,-217,970,-126,-65,-226,35,0,0,0,549,0,0,0,0,0,0,0,0,7,521234764,49876430
79895,0,0,0,118,-217,969,-126,-65,-226,-31,0,0,0,549,0,0,0,0,0,0,0,0,7,521234532,49876292
80095,0,0,0,115,-218,967,-126,-65,-226,-63,0,0,0,549,0,0,0,0,0,0,0,0,7,521234470,49876691
80295,0,0,0,115,-219,968,-126,-65,-226,-30,0,0,0,549,0,0,0,0,0,0,0,0,7,521234632,49876449
80495,0,0,0,112,-218,968,-126,-65,-226,-30,0,0,0,549,0,0,0,0,0,0,0,0,7,521234463,49876788
80695,0,0,0,115,-217,969,-126,-65,-226,2,0,0,0,549,0,0,0,0,0,0,0,0,7,521234455,49876461
80896,0,0,-1,116,-218,971,-126,-65,-226,35,0,0,0,549,0,0,0,0,0,0,0,0,7,521234229,49876990
81096,0,0,0,113,-216,969,-126,-65,-226,-96,0,0,0,549,0,0,0,0,0,0,0,0,7,521234417,49876318
81296,0,0,0,112,-218,968,-126,-65,-226,0,0,0,0,549,0,0,0,0,0,0,0,0,7,521234332,49877012
81496,0,0,1,113,-216,969,-126,-65,-226,-32,0,0,0,549,0,0,0,0,0,0,0,0,7,521234383,49876264
81697,0,0,0,118,-217,970,-126,-65,-226,1,0,0,0,549,0,0,0,0,0,0,0,0,7,521234694,49876624
81897,0,0,0,115,-218,969,-126,-65,-226,-64,0,0,0,549,0,0,0,0,0,0,0,0,7,521234598,49876887
82097,0,0,0,112,-219,968,-126,-65,-226,-98,0,0,0,549,0,0,0,0,0,0,0,0,7,521234496,49876394
82297,0,0,0,115,-219,970,-126,-65,-226,-32,0,0,0,549,0,0,0,0,0,0,0,0,7,521234274,49876192
82497,0,0,0,114,-217,969,-126,-65,-226,0,0,0,0,549,0,0,0,0,0,0,0,0,7,521234639,49876460
82698,0,0,0,114,-217,969,-126,-65,-226,-64,0,0,0,549,0,0,0,0,0,0,0,0,7,521234476,49876774
82898,0,0,0,114,-215,970,-126,-65,-226,35,0,0,0,549,0,0,0,0,0,0,0,0,7,521234709,49876515
83098,0,0,0,114,-217,971,-126,-65,-226,-32,0,0,0,549,0,0,0,0,0,0,0,0,7,521234443,49876704
ak> sim:  83811 ms  roll  -12.6 deg  pitch   -6.6 deg  motors 0.00 0.00 0.00 0.00
sim:  84811 ms  roll  -12.6 deg  pitch   -6.6 deg  motors 0.00 0.00 0.00 0.00
sim:  85811 ms  roll  -12.6 deg  pitch   -6.6 deg  motors 0.00 0.00 0.00 0.00
sim:  86811 ms  roll  -12.6 deg  pitch   -6.6 deg  motors 0.00 0.00 0.00 0.00
sim:  87811 ms  roll  -12.6 deg  pitch   -6.6 deg  motors 0.00 0.00 0.00 0.00
sim:  88811 ms  roll  -12.6 deg  pitch   -6.6 deg  motors 0.00 0.00 0.00 0.00
sim:  89811 ms  roll  -12.6 deg  pitch   -6.6 deg  motors 0.00 0.00 0.00 0.00
sim:  90811 ms  roll  -12.6 deg  pitch   -6.6 deg  motors 0.00 0.00 0.00 0.00
alive: 90811 ms, 89905 loops
sim:  91811 ms  roll  -12.6 deg  pitch   -6.6 deg  motors 0.00 0.00 0.00 0.00
sim:  92811 ms  roll  -12.6 deg  pitch   -6.6 deg  motors 0.00 0.00 0.00 0.00
sim:  93811 ms  roll  -12.6 deg  pitch   -6.6 deg  motors 0.00 0.00 0.00 0.00
sim:  94811 ms  roll  -12.6 deg  pitch   -6.6 deg  motors 0.00 0.00 0.00 0.00
sim:  95811 ms  roll  -12.6 deg  pitch   -6.6 deg  motors 0.00 0.00 0.00 0.00
sim:  96811 ms  roll  -12.6 deg  pitch   -6.6 deg  motors 0.00 0.00 0.00 0.00
sim:  97811 ms  roll  -12.6 deg  pitch   -6.6 deg  motors 0.00 0.00 0.00 0.00
sim:  98811 ms  roll  -12.6 deg  pitch   -6.6 deg  motors 0.00 0.00 0.00 0.00
sim:  99811 ms  roll  -12.6 deg  pitch   -6.6 deg  motors 0.00 0.00 0.00 0.00
sim: ok   the quadrotor flew away from home          147 m out at its furthest
sim: ok   and its yaw estimate had found the ground track by then the estimator's yaw was 0 deg from the track it was making when the link went
sim: ok   the navigator says the return engaged      the console reports it engaged
sim: ok   and brought it back over the ground it took off from closest approach 0 m of 136 m out; 1 m out when it first reached the hover height
sim: ok   then descended to the hover height it was told to hold at 3.5 m above home on arrival, 2.1 m four seconds later
sim: ok   and it came down over the ground it took off from the descent started 11.0 m from home at 22.4 m up
sim: ok   and it held its station over home while it settled averaged 0.7 m from home over 86 samples of the settle
sim: ok   and the blackbox carries the height and the yaw of the flight 411 records, height -0.1 to 23.3 m, yaw span 344 deg, last position 1 m from where the aircraft is
sim: ok   and where the flight ended, from the last record in it 411 records, height -0.1 to 23.3 m, yaw span 344 deg, last position 1 m from where the aircraft is
sim: ok   and it landed and stopped its motors there on the ground at 0.0 m, motors stopped at 0.3 m, 1 m from home
sim: ok   and stayed down - disarmed - when the receiver came back the later status says disarmed
sim: ok   and the flight mode it sent said RTH       DISARM
sim: ok   the handset asked who is on the link, and got one answer per ping 2 pings up the wire, 2 answers back, name "aerialkit-f405"
sim: ok   and the answer is the device-info frame a handset expects "aerialkit-f405", to 0xea from 0xc8, 0 parameters, version 1

sim: ---- 100 s of simulated flight ----
sim: 100000 ms, 99894 passes of the main loop
sim: ok   one pass of the loop is one millisecond    1.0011 ms per pass over 99894 passes
sim: ok   every radio byte reached the parser        54534 of 54534 bytes taken, ring dropped 0
sim: ok   the radio sent frames throughout           2097 frames of 26 bytes each
sim: ok   the gps stream reached the parser          496 gps frames, 0 bytes dropped
sim: ok   the position the gps sent is the position the firmware has the fix is noisy, and the home it captured is within five metres of where it was standing
sim: ok   the aircraft armed and the mixer drove the motors motors turning 3013..77812 ms, up to 1.00
sim: PASS (0 checks failed)
