
AerialKit Firmware
  product:  aerialkit-f405
  board:    SIM / software in the loop
  rev:      879086d-dirty
  built:    Sep 18 2026 / 17:29:14
  clocks:   simulated, 160 MHz
  state:    no sensor drivers - the flight loop runs in failsafe

faults: none recorded
selftest:
  ok       squareroot of 9 is 3
  ok       atan2(1,1) is pi/4
  ok       quad hover is symmetric
  ok       quad roll right lifts the left pair
  ok       quad nose-up lifts the front pair
  ok       wing pitch moves both elevons together
  ok       wing roll moves the elevons opposite ways
  ok       wing yaw is differential thrust
  ok       estimator holds level when level
  ok       disarmed means motors at zero and servos centred
  ok       arm switch plus low throttle arms
  ok       armed, roll right lifts the left pair
  ok       RC loss stops the motors
  ok       failsafe is latched, not just this frame
  ok       failsafe holds until the arm switch is cycled
  ok       a wing arms the same way
  ok       a wing that loses its link circles down instead of stopping
  ok       and a link that comes back does not take it back mid-descent
  ok       and the ground disarms it
selftest: passed

imu:       configured for 1 kHz, gyro 2000 dps, accel 16 g
imu:       icm42688p
baro:      dps310
console: type 'help'
no saved configuration
preflight: the machine is what the firmware thinks it is
boot: ok
ak> sim:    712 ms  roll    0.0 deg  pitch    0.0 deg  motors 0.00 0.00 0.00 0.00
home: from the first fix while disarmed, 52.1234567, 4.9876543
set rth_enable 1
rth_enable = 1
ak> gyro: bias measured while disarmed: 0 0 0 mdps (500 samples, 0 rejected)
sim:   1711 ms  roll    0.0 deg  pitch    0.0 deg  motors 0.00 0.00 0.00 0.00
sim:   2501 ms  arm switch on, throttle down
sim:   2711 ms  roll    0.0 deg  pitch    0.0 deg  motors 0.00 0.00 0.00 0.00
sim:   3711 ms  roll    0.0 deg  pitch    0.0 deg  motors 0.07 0.07 0.07 0.07
sim:   4001 ms  throttle up, climbing
sim:   4711 ms  roll    0.0 deg  pitch    0.0 deg  motors 0.59 0.59 0.59 0.59
sim:   5711 ms  roll    0.0 deg  pitch    0.0 deg  motors 0.59 0.59 0.59 0.59
sim:   6711 ms  roll    0.0 deg  pitch    0.0 deg  motors 0.59 0.59 0.59 0.59
sim:   7001 ms  nose down, flying out east
sim:   7711 ms  roll    0.0 deg  pitch  -10.4 deg  motors 0.59 0.59 0.59 0.59
sim:   8711 ms  roll    0.0 deg  pitch  -10.6 deg  motors 0.59 0.59 0.59 0.59
sim:   9711 ms  roll    0.0 deg  pitch  -10.5 deg  motors 0.59 0.59 0.59 0.59
sim:  10711 ms  roll    0.0 deg  pitch  -10.5 deg  motors 0.59 0.59 0.59 0.59
alive: 10711 ms, 9990 loops
sim:  11711 ms  roll    0.0 deg  pitch  -10.5 deg  motors 0.59 0.59 0.59 0.59
sim:  12711 ms  roll    0.0 deg  pitch  -10.5 deg  motors 0.59 0.59 0.59 0.59
sim:  13711 ms  roll    0.0 deg  pitch  -10.5 deg  motors 0.59 0.59 0.59 0.59
sim:  14711 ms  roll    0.0 deg  pitch  -10.5 deg  motors 0.59 0.59 0.59 0.59
sim:  15711 ms  roll    0.0 deg  pitch  -10.5 deg  motors 0.59 0.59 0.59 0.59
sim:  16711 ms  roll    0.0 deg  pitch  -10.5 deg  motors 0.59 0.59 0.59 0.59
sim:  17711 ms  roll    0.0 deg  pitch  -10.5 deg  motors 0.59 0.59 0.59 0.59
sim:  18711 ms  roll    0.0 deg  pitch  -10.5 deg  motors 0.59 0.59 0.59 0.59
sim:  19711 ms  roll    0.0 deg  pitch  -10.5 deg  motors 0.59 0.59 0.59 0.59
sim:  20711 ms  roll    0.0 deg  pitch  -10.5 deg  motors 0.59 0.59 0.59 0.59
alive: 20711 ms, 19979 loops
sim:  21711 ms  roll    0.0 deg  pitch  -10.5 deg  motors 0.59 0.59 0.59 0.59
sim:  22001 ms  receiver unplugged, 136 m out at 22.3 m, 9 m/s
sim:  22002 ms  135.7 m from home, 22.3 m up, mode ANGLE
sim:  22711 ms  roll    5.2 deg  pitch   26.1 deg  motors 0.55 0.40 0.37 0.55
sim:  23002 ms  143.2 m from home, 23.1 m up, mode RTH
sim:  23711 ms  roll    1.3 deg  pitch   29.2 deg  motors 0.62 0.45 0.43 0.59
sim:  24002 ms  146.4 m from home, 23.0 m up, mode RTH
sim:  24711 ms  roll    9.0 deg  pitch   27.4 deg  motors 0.46 0.62 0.66 0.48
sim:  25002 ms  146.7 m from home, 22.9 m up, mode RTH
sim:  25711 ms  roll   23.0 deg  pitch   18.7 deg  motors 0.64 0.51 0.46 0.64
sim:  26002 ms  145.2 m from home, 22.8 m up, mode RTH
gps
gps:       12700 bytes, 127 messages, 127 NAV-PVT, 0 bad checksums, 0 bad lengths, 0 other
fix:       type 3 (ok), 11 satellites, pdop 1.23, hacc 1200 mm
usable:    yes (needs 6 satellites, has 11)
position:  52.1234625, 4.9897812
altitude:  142792 mm msl
motion:    2042 mm/s, course -100.-23734 deg
uart:      0 bytes dropped by the receive buffer
fixes:     127, valid now: yes
configure:  0 attempts
home:      145 m away, bearing -90.-25 deg
return:    engaged, 1 engagements, holding 142638 mm (quadrotor: climb, translate, settle profile)
link:      gone, returning enabled
ak> sim:  26711 ms  roll   22.5 deg  pitch   17.5 deg  motors 0.57 0.56 0.56 0.57
sim:  27002 ms  142.6 m from home, 22.8 m up, mode RTH
sim:  27711 ms  roll   26.3 deg  pitch   10.5 deg  motors 0.55 0.57 0.60 0.54
sim:  28002 ms  139.2 m from home, 22.8 m up, mode RTH
sim:  28711 ms  roll   24.3 deg  pitch  -14.5 deg  motors 0.47 0.62 0.63 0.43
sim:  29002 ms  135.5 m from home, 22.8 m up, mode RTH
sim:  29711 ms  roll   -3.4 deg  pitch  -27.2 deg  motors 0.47 0.62 0.60 0.46
sim:  30002 ms  131.6 m from home, 22.8 m up, mode RTH
sim:  30711 ms  roll  -16.3 deg  pitch  -19.6 deg  motors 0.55 0.58 0.58 0.55
alive: 30711 ms, 29969 loops
sim:  31002 ms  127.7 m from home, 22.8 m up, mode RTH
sim:  31711 ms  roll  -13.6 deg  pitch  -21.9 deg  motors 0.56 0.50 0.52 0.57
sim:  32002 ms  123.9 m from home, 22.8 m up, mode RTH
sim:  32711 ms  roll   -1.7 deg  pitch  -26.4 deg  motors 0.57 0.49 0.50 0.58
sim:  33002 ms  120.2 m from home, 22.8 m up, mode RTH
sim:  33711 ms  roll    8.6 deg  pitch  -24.9 deg  motors 0.55 0.51 0.51 0.56
sim:  34002 ms  116.5 m from home, 22.8 m up, mode RTH
sim:  34711 ms  roll   10.8 deg  pitch  -23.9 deg  motors 0.53 0.54 0.54 0.53
sim:  35002 ms  112.7 m from home, 22.8 m up, mode RTH
sim:  35711 ms  roll    6.6 deg  pitch  -25.6 deg  motors 0.52 0.55 0.55 0.52
sim:  36002 ms  109.0 m from home, 22.8 m up, mode RTH
sim:  36711 ms  roll    1.1 deg  pitch  -26.6 deg  motors 0.55 0.58 0.58 0.55
sim:  37002 ms  105.2 m from home, 22.8 m up, mode RTH
sim:  37711 ms  roll   -1.7 deg  pitch  -26.4 deg  motors 0.54 0.55 0.55 0.55
sim:  38002 ms  101.5 m from home, 22.8 m up, mode RTH
sim:  38711 ms  roll   -0.8 deg  pitch  -26.4 deg  motors 0.55 0.54 0.54 0.55
sim:  39002 ms  97.7 m from home, 22.8 m up, mode RTH
sim:  39711 ms  roll    1.6 deg  pitch  -26.4 deg  motors 0.56 0.54 0.55 0.56
sim:  40002 ms  94.0 m from home, 22.8 m up, mode RTH
sim:  40711 ms  roll    3.3 deg  pitch  -26.2 deg  motors 0.55 0.55 0.55 0.55
alive: 40711 ms, 39958 loops
sim:  41002 ms  90.2 m from home, 22.8 m up, mode RTH
sim:  41711 ms  roll    3.2 deg  pitch  -26.3 deg  motors 0.55 0.55 0.55 0.55
sim:  42002 ms  86.5 m from home, 22.8 m up, mode RTH
sim:  42711 ms  roll    2.2 deg  pitch  -26.4 deg  motors 0.55 0.56 0.55 0.55
sim:  43002 ms  82.8 m from home, 22.8 m up, mode RTH
sim:  43711 ms  roll    1.1 deg  pitch  -26.4 deg  motors 0.55 0.55 0.55 0.55
sim:  44002 ms  79.0 m from home, 22.8 m up, mode RTH
sim:  44711 ms  roll    0.7 deg  pitch  -26.4 deg  motors 0.53 0.53 0.53 0.53
sim:  45002 ms  75.3 m from home, 22.8 m up, mode RTH
sim:  45711 ms  roll    1.0 deg  pitch  -26.4 deg  motors 0.55 0.55 0.55 0.55
sim:  46002 ms  71.5 m from home, 22.8 m up, mode RTH
sim:  46711 ms  roll    1.4 deg  pitch  -26.4 deg  motors 0.53 0.53 0.53 0.54
sim:  47002 ms  67.8 m from home, 22.8 m up, mode RTH
sim:  47711 ms  roll    1.6 deg  pitch  -26.4 deg  motors 0.55 0.55 0.55 0.55
sim:  48002 ms  64.1 m from home, 22.8 m up, mode RTH
sim:  48711 ms  roll    1.3 deg  pitch  -26.4 deg  motors 0.57 0.57 0.57 0.57
sim:  49002 ms  60.3 m from home, 22.8 m up, mode RTH
sim:  49711 ms  roll    1.0 deg  pitch  -26.4 deg  motors 0.55 0.55 0.55 0.55
sim:  50002 ms  56.6 m from home, 22.8 m up, mode RTH
sim:  50711 ms  roll    0.8 deg  pitch  -26.4 deg  motors 0.55 0.55 0.55 0.55
alive: 50711 ms, 49947 loops
sim:  51002 ms  52.9 m from home, 22.8 m up, mode RTH
sim:  51711 ms  roll    0.7 deg  pitch  -26.4 deg  motors 0.55 0.55 0.55 0.55
sim:  52002 ms  49.1 m from home, 22.8 m up, mode RTH
sim:  52711 ms  roll    0.7 deg  pitch  -26.4 deg  motors 0.55 0.55 0.55 0.55
sim:  53002 ms  45.4 m from home, 22.8 m up, mode RTH
sim:  53711 ms  roll    0.7 deg  pitch  -26.4 deg  motors 0.55 0.55 0.55 0.55
sim:  54002 ms  41.7 m from home, 22.8 m up, mode RTH
sim:  54711 ms  roll    0.6 deg  pitch  -26.4 deg  motors 0.55 0.55 0.55 0.55
sim:  55002 ms  37.9 m from home, 22.8 m up, mode RTH
sim:  55711 ms  roll    0.5 deg  pitch  -26.4 deg  motors 0.55 0.55 0.55 0.55
sim:  56002 ms  34.2 m from home, 22.8 m up, mode RTH
sim:  56711 ms  roll    0.4 deg  pitch  -26.4 deg  motors 0.54 0.54 0.54 0.53
sim:  57002 ms  30.5 m from home, 22.8 m up, mode RTH
sim:  57711 ms  roll    0.3 deg  pitch  -26.4 deg  motors 0.55 0.55 0.55 0.55
sim:  58002 ms  26.7 m from home, 22.8 m up, mode RTH
sim:  58711 ms  roll    0.2 deg  pitch  -26.4 deg  motors 0.55 0.55 0.55 0.55
sim:  59002 ms  23.0 m from home, 22.8 m up, mode RTH
sim:  59711 ms  roll    0.0 deg  pitch  -26.4 deg  motors 0.55 0.55 0.55 0.55
sim:  60002 ms  19.2 m from home, 22.8 m up, mode RTH
sim:  60711 ms  roll   -0.1 deg  pitch  -26.4 deg  motors 0.55 0.55 0.55 0.55
alive: 60711 ms, 59937 loops
sim:  61002 ms  15.5 m from home, 22.8 m up, mode RTH
sim:  61711 ms  roll   -0.1 deg  pitch  -26.4 deg  motors 0.34 0.34 0.34 0.34
sim:  62002 ms  11.8 m from home, 21.3 m up, mode RTH
sim:  62631 ms  started coming down 9.5 m from home, 19.3 m up
sim:  62711 ms  roll   -0.2 deg  pitch  -20.9 deg  motors 0.46 0.46 0.46 0.46
sim:  63002 ms  8.2 m from home, 18.0 m up, mode RTH
sim:  63711 ms  roll   -0.2 deg  pitch  -16.9 deg  motors 0.49 0.48 0.49 0.48
sim:  64002 ms  5.6 m from home, 14.7 m up, mode RTH
sim:  64711 ms  roll    0.1 deg  pitch  -18.4 deg  motors 0.48 0.48 0.48 0.48
sim:  65002 ms  3.7 m from home, 11.7 m up, mode RTH
sim:  65711 ms  roll    0.3 deg  pitch  -15.1 deg  motors 0.47 0.47 0.47 0.47
sim:  66002 ms  2.4 m from home, 8.7 m up, mode RTH
sim:  66711 ms  roll    0.8 deg  pitch  -25.2 deg  motors 0.55 0.54 0.55 0.54
sim:  67002 ms  1.3 m from home, 6.2 m up, mode RTH
sim:  67711 ms  roll    1.0 deg  pitch  -20.2 deg  motors 0.57 0.56 0.57 0.56
sim:  68002 ms  0.5 m from home, 4.6 m up, mode RTH
sim:  68711 ms  roll   -0.7 deg  pitch  -13.2 deg  motors 0.49 0.65 0.64 0.47
sim:  69002 ms  0.3 m from home, 3.8 m up, mode RTH
sim:  69510 ms  first down at the hover height: 1 m out, 3.5 m up
sim:  69711 ms  roll  -10.1 deg  pitch   -1.7 deg  motors 0.44 0.63 0.61 0.45
sim:  70002 ms  0.8 m from home, 3.3 m up, mode RTH
sim:  70711 ms  roll   -0.6 deg  pitch   11.3 deg  motors 0.46 0.64 0.66 0.48
alive: 70711 ms, 69926 loops
sim:  71002 ms  0.7 m from home, 2.9 m up, mode RTH
sim:  71711 ms  roll   14.8 deg  pitch    1.3 deg  motors 0.51 0.57 0.59 0.49
sim:  72002 ms  0.6 m from home, 2.6 m up, mode RTH
sim:  72711 ms  roll   13.1 deg  pitch   -9.6 deg  motors 0.49 0.53 0.53 0.49
sim:  73002 ms  0.3 m from home, 2.3 m up, mode RTH
sim:  73711 ms  roll   -0.8 deg  pitch  -15.0 deg  motors 0.52 0.56 0.55 0.51
sim:  74002 ms  0.3 m from home, 1.8 m up, mode RTH
sim:  74711 ms  roll   -8.2 deg  pitch  -12.7 deg  motors 0.52 0.54 0.54 0.53
sim:  75002 ms  0.4 m from home, 1.2 m up, mode RTH
sim:  75711 ms  roll  -11.9 deg  pitch   -9.2 deg  motors 0.55 0.57 0.57 0.56
sim:  76002 ms  0.4 m from home, 0.7 m up, mode RTH
sim:  76711 ms  roll  -14.2 deg  pitch   -4.9 deg  motors 0.54 0.56 0.55 0.54
sim:  77002 ms  0.5 m from home, 0.5 m up, mode RTH
sim:  77711 ms  roll  -14.6 deg  pitch   -7.1 deg  motors 0.55 0.56 0.56 0.55
sim:  78002 ms  0.4 m from home, 0.3 m up, mode RTH
sim:  78711 ms  roll  -14.5 deg  pitch    3.9 deg  motors 0.53 0.58 0.58 0.54
sim:  79002 ms  0.2 m from home, 0.2 m up, mode RTH
sim:  79711 ms  roll   -0.5 deg  pitch   14.8 deg  motors 0.47 0.64 0.66 0.48
sim:  80002 ms  0.6 m from home, 0.2 m up, mode RTH
arm:       refused - the receiver has gone quiet (1065 frames)
sim:  80582 ms  motors stopped at 0.2 m above home, 0.9 m from it
sim:  80582 ms  receiver back - has the pilot got it?
arm:       refused - the throttle is at 55 per cent, and arming wants 5
sim:  80711 ms  roll   14.7 deg  pitch    0.1 deg  motors 0.00 0.00 0.00 0.00
alive: 80711 ms, 79915 loops
status
state:     disarmed
uptime:    81583 ms
loops:     80786
attitude:  roll 256 mrad, pitch 0 mrad, yaw 15361 mrad
attitude:  converged
motors:    0 0 0 0 per-mille
servos:    0 0 per-mille
arm:       refused - the throttle is at 55 per cent, and arming wants 5
params:    1 changed since the last save
fault:     none recorded
ak> sim:  81711 ms  roll   14.7 deg  pitch    0.0 deg  motors 0.00 0.00 0.00 0.00
sim:  82711 ms  roll   14.7 deg  pitch    0.0 deg  motors 0.00 0.00 0.00 0.00
sim:  83711 ms  roll   14.7 deg  pitch    0.0 deg  motors 0.00 0.00 0.00 0.00
log flash
# aerialkit blackbox (flash), 418 records in 4 sectors
# oldest first; this one outlives the battery
# units: gyro 0.1 dps, accel 0.001 g, attitude 0.1 deg, alt mm above the take-off reference, sticks per-mille, torque percent, motor 0..254
time_ms,gyro_x,gyro_y,gyro_z,accel_x,accel_y,accel_z,roll,pitch,yaw,alt_mm,stick_roll,stick_pitch,stick_yaw,stick_throttle,torque_roll,torque_pitch,torque_yaw,911,0,0,0,0,0,1000,0,0,0,0,0,0,0,0,0,0,0,0,0,0,0,0,7,521234567,49876543
1111,0,0,0,0,0,1000,0,0,0,0,0,0,0,0,0,0,0,0,0,0,0,0,7,521234567,49876543
1311,0,0,0,0,0,1000,0,0,0,0,0,0,0,0,0,0,0,0,0,0,0,0,7,521234567,49876543
1511,0,0,0,0,0,1000,0,0,0,0,0,0,0,0,0,0,0,0,0,0,0,0,7,521234567,49876543
1712,0,0,0,0,0,1000,0,0,0,0,0,0,0,0,0,0,0,0,0,0,0,0,7,521234567,49876543
1912,0,0,0,0,0,1000,0,0,0,0,0,0,0,0,0,0,0,0,0,0,0,0,7,521234567,49876543
2112,0,0,0,0,0,1000,0,0,0,0,0,0,0,0,0,0,0,0,0,0,0,0,7,521234567,49876543
2312,0,0,0,0,0,1000,0,0,0,0,0,0,0,0,0,0,0,0,0,0,0,0,7,521234567,49876543
2512,0,0,0,0,0,1000,0,0,0,0,0,0,0,0,0,0,0,0,0,0,0,0,7,521234567,49876543
2713,0,0,0,0,0,1000,0,0,0,0,0,0,0,0,0,0,0,0,0,0,0,0,7,521234567,49876543
2913,0,0,0,0,0,1000,0,0,0,0,0,0,0,0,0,0,0,0,0,0,0,0,7,521234567,49876543
3113,0,0,0,0,0,1000,0,0,0,0,0,0,0,0,0,0,0,13,13,13,13,1,7,521234567,49876543
3313,0,0,0,0,0,1000,0,0,0,0,0,0,0,0,0,0,0,13,13,13,13,1,7,521234567,49876543
3513,0,0,0,0,0,1000,0,0,0,0,0,0,0,0,0,0,0,13,13,13,13,1,7,521234567,49876543
3714,0,0,0,0,0,1000,0,0,0,0,0,0,0,0,0,0,0,13,13,13,13,1,7,521234567,49876543
3914,0,0,0,0,0,1000,0,0,0,0,0,0,0,0,0,0,0,13,13,13,13,1,7,521234567,49876543
4114,0,0,0,0,0,1000,0,0,1,0,0,0,0,579,0,0,0,147,147,147,147,1,7,521234567,49876616
4314,0,0,0,0,0,1000,0,0,59,34,0,0,0,579,0,0,0,147,147,147,147,1,7,521234567,49876762
4515,0,0,0,0,0,1000,0,0,113,67,0,0,0,579,0,0,0,147,147,147,147,1,7,521234567,49876908
4715,0,0,0,0,0,1000,0,0,164,133,0,0,0,579,0,0,0,147,147,147,147,1,7,521234567,49877054
4915,0,0,0,0,0,1000,0,0,211,231,0,0,0,579,0,0,0,147,147,147,147,1,7,521234567,49877200
5115,0,0,0,0,0,1000,0,0,255,329,0,0,0,579,0,0,0,147,147,147,147,1,7,521234567,49877347
5315,0,0,0,0,0,1000,0,0,297,460,0,0,0,579,0,0,0,147,147,147,147,1,7,521234567,49877493
5516,0,0,0,0,0,1000,0,0,336,625,0,0,0,579,0,0,0,147,147,147,147,1,7,521234567,49877638
5716,0,0,0,0,0,1000,0,0,372,756,0,0,0,579,0,0,0,147,147,147,147,1,7,521234567,49877785
5916,0,0,0,0,0,1000,0,0,406,920,0,0,0,579,0,0,0,147,147,147,147,1,7,521234567,49877931
6116,0,0,0,0,0,1000,0,0,438,1118,0,0,0,579,0,0,0,147,147,147,147,1,7,521234567,49878077
6316,0,0,0,0,0,1000,0,0,468,1282,0,0,0,579,0,0,0,147,147,147,147,1,7,521234567,49878224
6517,0,0,0,0,0,1000,0,0,496,1479,0,0,0,579,0,0,0,147,147,147,147,1,7,521234567,49878369
6717,0,0,0,0,0,1000,0,0,522,1676,0,0,0,579,0,0,0,147,147,147,147,1,7,521234567,49878516
6917,0,0,0,0,0,1000,0,0,546,1872,0,0,0,579,0,0,0,147,147,147,147,1,7,521234567,49878662
7117,0,-365,0,76,0,996,0,-44,569,2103,0,-300,0,579,0,-1,0,150,144,150,144,1,7,521234567,49878808
7318,0,-111,0,150,0,988,0,-87,590,2334,0,-300,0,579,0,0,0,149,146,148,146,1,7,521234567,49878958
7518,0,-34,0,173,0,984,0,-100,610,2563,0,-300,0,579,0,0,0,147,147,147,147,1,7,521234567,49879116
7718,0,-10,0,180,0,983,0,-104,629,2792,0,-300,0,579,0,0,0,147,147,147,147,1,7,521234567,49879282
7918,0,-2,0,182,0,982,0,-105,646,3055,0,-300,0,579,0,0,0,147,147,147,147,1,7,521234567,49879456
8118,0,0,0,183,0,982,0,-105,663,3253,0,-300,0,579,0,0,0,147,147,147,147,1,7,521234567,49879637
8319,0,0,0,183,0,982,0,-105,678,3516,0,-300,0,579,0,0,0,147,147,147,147,1,7,521234567,49879825
8519,0,0,0,183,0,982,0,-105,692,3778,0,-300,0,579,0,0,0,147,147,147,147,1,7,521234567,49880019
8719,0,0,0,183,0,982,0,-105,706,4007,0,-300,0,579,0,0,0,147,147,147,147,1,7,521234567,49880219
8919,0,0,0,182,0,982,0,-105,718,4271,0,-300,0,579,0,0,0,147,147,147,147,1,7,521234567,49880423
9119,0,0,0,182,0,982,0,-105,730,4533,0,-300,0,579,0,0,0,147,147,147,147,1,7,521234567,49880632
9320,0,0,0,182,0,982,0,-105,741,4764,0,-300,0,579,0,0,0,147,147,147,147,1,7,521234567,49880844
9520,0,0,0,182,0,982,0,-105,751,5059,0,-300,0,579,0,0,0,147,147,147,147,1,7,521234567,49881061
9720,0,0,0,182,0,982,0,-105,761,5322,0,-300,0,579,0,0,0,147,147,147,147,1,7,521234567,49881281
9920,0,0,0,182,0,982,0,-105,770,5552,0,-300,0,579,0,0,0,147,147,147,147,1,7,521234567,49881504
10121,0,0,0,182,0,982,0,-105,778,5847,0,-300,0,579,0,0,0,147,147,147,147,1,7,521234567,49881728
10321,0,0,0,182,0,982,0,-105,786,6110,0,-300,0,579,0,0,0,147,147,147,147,1,7,521234567,49881956
10521,0,0,0,182,0,982,0,-105,793,6373,0,-300,0,579,0,0,0,147,147,147,147,1,7,521234567,49882187
10721,0,0,0,182,0,982,0,-105,800,6636,0,-300,0,579,0,0,0,147,147,147,147,1,7,521234567,49882419
10921,0,0,0,182,0,982,0,-105,806,6931,0,-300,0,579,0,0,0,147,147,147,147,1,7,521234567,49882653
11122,0,0,0,182,0,982,0,-105,812,7228,0,-300,0,579,0,0,0,147,147,147,147,1,7,521234567,49882887
11322,0,0,0,182,0,982,0,-105,818,7457,0,-300,0,579,0,0,0,147,147,147,147,1,7,521234566,49883125
11522,0,0,0,182,0,982,0,-105,823,7752,0,-300,0,579,0,0,0,147,147,147,147,1,7,521234566,49883363
11722,0,0,0,182,0,982,0,-105,828,8015,0,-300,0,579,0,0,0,147,147,148,147,1,7,521234566,49883603
11922,0,0,0,182,0,982,0,-105,833,8278,0,-300,0,579,0,0,0,147,147,147,147,1,7,521234566,49883843
12123,0,0,0,182,0,982,0,-105,837,8574,0,-300,0,579,0,0,0,147,147,147,147,1,7,521234566,49884084
12323,0,0,0,182,0,982,0,-105,841,8869,0,-300,0,579,0,0,0,147,147,147,147,1,7,521234566,49884327
12523,0,0,0,182,0,982,0,-105,845,9100,0,-300,0,579,0,0,0,147,147,147,147,1,7,521234566,49884570
12723,0,0,0,182,0,982,0,-105,849,9395,0,-300,0,579,0,0,0,147,147,147,147,1,7,521234566,49884814
12923,0,0,0,182,0,982,0,-104,852,9691,0,-300,0,579,0,0,0,147,147,147,147,1,7,521234566,49885059
13124,0,0,0,182,0,982,0,-104,855,9921,0,-300,0,579,0,0,0,147,147,147,147,1,7,521234566,49885303
13324,0,0,0,182,0,982,0,-104,858,10218,0,-300,0,579,0,0,0,147,147,147,147,1,7,521234566,49885549
13524,0,0,0,182,0,982,0,-105,861,10513,0,-300,0,579,0,0,0,147,147,147,147,1,7,521234565,49885796
13724,0,0,0,182,0,982,0,-105,863,10775,0,-300,0,579,0,0,0,147,147,147,147,1,7,521234565,49886043
13925,0,0,0,182,0,982,0,-105,865,11038,0,-300,0,579,0,0,0,147,147,147,147,1,7,521234565,49886289
14125,0,0,0,182,0,982,0,-105,868,11334,0,-300,0,579,0,0,0,147,147,147,147,1,7,521234565,49886536
14325,0,0,0,182,0,982,0,-105,870,11597,0,-300,0,579,0,0,0,147,147,147,147,1,7,521234565,49886784
14525,0,0,0,182,0,982,0,-104,872,11892,0,-300,0,579,0,0,0,147,147,147,147,1,7,521234565,49887033
14725,0,0,0,182,0,982,0,-104,874,12187,0,-300,0,579,0,0,0,147,147,147,147,1,7,521234565,49887281
14926,0,0,0,182,0,982,0,-104,875,12418,0,-300,0,579,0,0,0,147,147,147,147,1,7,521234565,49887529
15126,0,0,0,182,0,982,0,-104,877,12714,0,-300,0,579,0,0,0,147,147,147,147,1,7,521234565,49887778
15326,0,0,0,182,0,982,0,-104,878,13009,0,-300,0,579,0,0,0,147,147,147,147,1,7,521234565,49888027
15526,0,0,0,182,0,982,0,-104,880,13273,0,-300,0,579,0,0,0,147,148,147,147,1,7,521234565,49888276
15726,0,0,0,182,0,982,0,-105,881,13568,0,-300,0,579,0,0,0,147,147,147,147,1,7,521234564,49888526
15927,0,0,0,182,0,982,0,-105,882,13864,0,-300,0,579,0,0,0,147,147,148,147,1,7,521234564,49888774
16127,0,0,0,182,0,982,0,-105,883,14093,0,-300,0,579,0,0,0,147,147,147,147,1,7,521234564,49889024
16327,0,0,0,182,0,982,0,-104,884,14390,0,-300,0,579,0,0,0,147,147,147,147,1,7,521234564,49889274
16527,0,0,0,182,0,982,0,-104,885,14685,0,-300,0,579,0,0,0,147,147,147,147,1,7,521234564,49889524
16728,0,0,0,182,0,982,0,-105,886,14948,0,-300,0,579,0,0,0,147,147,147,147,1,7,521234564,49889773
16928,0,0,0,182,0,982,0,-105,887,15243,0,-300,0,579,0,0,0,148,147,147,147,1,7,521234564,49890023
17128,0,0,0,182,0,982,0,-105,888,15540,0,-300,0,579,0,0,0,147,147,147,147,1,7,521234564,49890274
17328,0,0,0,182,0,982,0,-105,889,15769,0,-300,0,579,0,0,0,147,147,147,147,1,7,521234564,49890524
17528,0,0,0,182,0,982,0,-105,890,16065,0,-300,0,579,0,0,0,147,147,147,147,1,7,521234564,49890774
17729,0,0,0,182,0,982,0,-104,890,16362,0,-300,0,579,0,0,0,147,147,147,147,1,7,521234563,49891024
17929,0,0,0,182,0,982,0,-104,891,16624,0,-300,0,579,0,0,0,147,147,147,147,1,7,521234563,49891274
18129,0,0,0,182,0,982,0,-104,891,16919,0,-300,0,579,0,0,0,147,147,147,147,1,7,521234563,49891525
18329,0,0,0,182,0,982,0,-104,892,17182,0,-300,0,579,0,0,0,147,147,147,147,1,7,521234563,49891776
18529,0,0,0,182,0,982,0,-104,892,17446,0,-300,0,579,0,0,0,147,147,147,147,1,7,521234563,49892026
18730,0,0,0,182,0,982,0,-104,893,17741,0,-300,0,579,0,0,0,147,147,147,147,1,7,521234563,49892276
18930,0,0,0,182,0,982,0,-104,893,18037,0,-300,0,579,0,0,0,147,147,147,147,1,7,521234563,49892527
19130,0,0,0,182,0,982,0,-104,894,18299,0,-300,0,579,0,0,0,147,147,147,147,1,7,521234563,49892777
19330,0,0,0,182,0,982,0,-104,894,18596,0,-300,0,579,0,0,0,147,147,147,147,1,7,521234563,49893028
19531,0,0,0,182,0,982,0,-104,895,18858,0,-300,0,579,0,0,0,147,147,147,147,1,7,521234563,49893278
19731,0,0,0,182,0,982,0,-105,895,19121,0,-300,0,579,0,0,0,147,147,147,147,1,7,521234563,49893529
19931,0,0,0,182,0,982,0,-105,895,19418,0,-300,0,579,0,0,0,147,147,147,147,1,7,521234563,49893780
20131,0,0,0,182,0,982,0,-105,895,19713,0,-300,0,579,0,0,0,147,147,147,147,1,7,521234562,49894031
20331,0,0,0,182,0,982,0,-105,896,19975,0,-300,0,579,0,0,0,147,147,147,147,1,7,521234562,49894281
20532,0,0,0,182,0,982,0,-105,896,20238,0,-300,0,579,0,0,0,147,147,147,147,1,7,521234562,49894531
20732,0,0,0,182,0,982,0,-104,896,20535,0,-300,0,579,0,0,0,147,147,147,147,1,7,521234562,49894782
20932,0,0,0,182,0,982,0,-104,897,20830,0,-300,0,579,0,0,0,147,147,147,147,1,7,521234562,49895033
21132,0,0,0,182,0,982,0,-104,897,21093,0,-300,0,579,0,0,0,147,147,147,147,1,7,521234562,49895284
21332,0,0,0,182,0,982,0,-104,897,21388,0,-300,0,579,0,0,0,147,147,147,147,1,7,521234562,49895535
21533,0,0,0,182,0,982,0,-104,897,21685,0,-300,0,579,0,0,0,147,147,147,147,1,7,521234562,49895785
21733,0,0,0,182,0,982,0,-104,897,21915,0,-300,0,579,0,0,0,147,147,147,147,1,7,521234562,49896036
21933,0,0,0,182,0,982,0,-104,897,22211,0,-300,0,579,0,0,0,147,147,147,147,1,7,521234562,49896286
22133,0,0,0,182,0,982,0,-104,898,22507,0,-300,0,579,0,0,0,147,148,147,147,1,7,521234561,49896537
22334,93,1528,749,-61,3,998,2,36,957,22769,0,-300,0,579,0,4,8,65,133,113,95,3,7,521234561,49896788
22534,273,417,-602,-358,76,930,44,211,1080,22967,0,-300,0,579,0,1,-15,153,79,76,164,3,7,521234561,49897027
22734,-178,171,-742,-446,83,891,49,266,927,23098,0,-300,0,579,-1,0,-8,141,102,94,139,3,7,521234562,49897241
22934,-349,23,612,-476,-9,878,-3,284,800,23131,0,-300,0,579,-1,0,15,89,170,162,83,3,7,521234562,49897423
23134,153,25,748,-485,-35,873,-19,290,950,23163,0,-300,0,579,0,0,8,101,144,149,107,3,7,521234560,49897577
23335,376,-62,-631,-483,53,873,31,289,1071,23130,0,-300,0,579,1,0,-14,166,93,102,173,3,7,521234561,49897703
23535,-103,27,-742,-482,86,872,52,288,917,23097,0,-300,0,579,0,0,-8,157,115,111,154,3,7,521234565,49897806
23735,-371,-17,-754,-487,8,872,8,292,768,23063,0,-300,0,579,-1,0,-8,158,114,105,147,3,7,521234567,49897886
23935,-421,-129,625,-468,-125,875,-71,279,638,23030,0,-300,0,579,-1,0,14,106,174,169,94,3,7,521234566,49897946
24135,115,50,737,-460,-169,874,-101,274,783,22998,0,-300,0,579,0,0,8,112,156,159,118,3,7,521234563,49897988
24336,362,45,749,-479,-88,874,-56,285,932,22965,0,-300,0,579,1,0,8,111,154,163,121,3,7,521234563,49898014
24536,382,-37,761,-480,43,875,21,287,1084,22932,0,-300,0,579,1,0,8,112,154,164,120,3,7,521234567,49898026
24736,370,-145,771,-454,171,877,98,269,1237,22899,0,-300,0,579,1,0,8,114,154,167,119,3,7,521234575,49898025
24936,325,-256,781,-393,287,880,171,230,1392,22865,0,-300,0,579,1,-1,8,117,155,168,117,3,7,521234587,49898012
25136,448,-743,-587,-285,385,883,233,165,1528,22865,0,-300,0,579,2,-4,-14,177,81,115,168,3,7,521234602,49897989
25337,99,0,-716,-159,475,868,290,90,1387,22833,0,-300,0,579,0,0,-8,158,121,118,163,3,7,521234618,49897957
25537,-258,371,-717,-217,468,861,285,124,1242,22832,0,-300,0,579,-1,1,-8,156,125,106,157,3,7,521234629,49897915
25737,-498,374,215,-336,371,874,224,195,1115,22800,0,-300,0,579,-2,1,5,130,163,143,126,3,7,521234630,49897867
25937,-214,136,588,-407,271,878,166,239,1172,22799,0,-300,0,579,0,0,7,119,159,152,117,3,7,521234625,49897812
26138,110,-78,435,-415,259,877,161,244,1290,22799,0,-300,0,579,0,0,4,124,145,151,126,3,7,521234619,49897750
26338,203,-193,141,-378,306,880,190,220,1370,22799,0,-300,0,579,0,0,1,134,134,144,134,3,7,521234615,49897681
26538,140,-154,-48,-328,356,881,220,190,1393,22799,0,-300,0,579,0,0,0,139,131,137,139,3,7,521234615,49897606
26738,45,-45,-85,-298,383,880,237,172,1382,22765,0,-300,0,579,0,0,-1,144,138,140,144,3,7,521234616,49897526
26938,-12,22,-34,-294,389,879,240,170,1365,22765,0,-300,0,579,0,0,0,138,137,136,138,3,7,521234617,49897440
27139,-20,23,28,-302,384,879,236,174,1373,22798,0,-300,0,579,0,0,0,132,133,134,131,3,7,521234617,49897351
27339,64,-104,81,-282,397,879,244,162,1465,22765,0,-300,0,579,0,0,0,136,138,142,135,3,7,521234616,49897257
27539,67,-133,179,-233,422,880,259,133,1561,22798,0,-300,0,579,0,0,2,128,136,141,126,3,7,521234614,49897159
27739,56,-130,329,-174,446,880,272,99,1671,22765,0,-300,0,579,0,0,3,132,150,153,131,3,7,521234610,49897059
27939,35,-148,498,-109,464,879,282,62,-1797,22798,0,-300,0,579,0,0,5,119,146,149,116,3,7,521234602,49896956
28140,15,-186,651,-33,473,879,286,18,-1644,22765,0,-300,0,579,0,0,7,124,158,163,120,3,7,521234591,49896852
28340,-19,-240,765,57,470,880,283,-33,-1473,22798,0,-300,0,579,0,-1,8,113,153,158,108,3,7,521234578,49896747
28540,-87,-276,784,161,449,880,269,-93,-1295,22764,0,-300,0,579,0,-1,8,123,162,165,115,3,7,521234564,49896639
28740,-170,-262,792,262,403,882,241,-152,-1125,22797,0,-300,0,579,0,-1,8,115,155,156,106,3,7,521234548,49896531
28941,-237,-212,799,348,332,883,199,-203,-965,22797,0,-300,0,579,-1,0,8,118,160,159,109,3,7,521234531,49896420
29141,-290,-148,804,410,239,884,146,-241,-813,22764,0,-300,0,579,-1,0,9,123,166,162,114,3,7,521234516,49896308
29341,-329,-71,735,448,131,885,84,-265,-672,22797,0,-300,0,579,-1,0,8,117,157,150,108,3,7,521234502,49896194
29541,-301,0,655,461,21,886,20,-274,-553,22763,0,-300,0,579,-1,0,7,126,163,156,120,3,7,521234489,49896079
29741,-253,57,570,455,-71,887,-36,-270,-457,22796,0,-300,0,579,-1,0,6,119,153,146,115,3,7,521234478,49895964
29942,-199,95,476,434,-146,890,-84,-257,-382,22796,0,-300,0,579,0,0,5,124,153,146,122,3,7,521234470,49895849
30142,-149,109,371,406,-202,894,-120,-239,-330,22763,0,-300,0,579,0,0,4,131,154,149,131,3,7,521234463,49895733
30342,-113,110,258,376,-241,898,-145,-220,-300,22796,0,-300,0,579,0,0,2,126,142,138,126,3,7,521234459,49895618
30542,-79,87,146,350,-267,901,-162,-204,-294,22795,0,-300,0,579,0,0,1,133,142,139,133,3,7,521234457,49895503
30742,-53,56,43,333,-283,903,-172,-193,-308,22795,0,-300,0,579,0,0,0,136,140,137,137,3,7,521234457,49895389
30943,-28,23,-46,325,-290,904,-176,-189,-340,22795,0,-300,0,579,0,0,0,138,136,134,138,3,7,521234459,49895277
31143,1,-10,-121,328,-288,904,-175,-190,-386,22762,0,-300,0,579,0,0,-1,145,138,138,145,3,7,521234462,49895165
31343,28,-35,-182,339,-276,903,-169,-197,-442,22795,0,-300,0,579,0,0,-2,142,131,131,142,3,7,521234467,49895054
31543,52,-49,-233,356,-257,902,-158,-208,-506,22762,0,-300,0,579,0,0,-2,148,133,136,148,3,7,521234473,49894944
31744,74,-55,-274,376,-230,900,-142,-220,-575,22795,0,-300,0,579,0,0,-3,141,123,127,141,3,7,521234479,49894834
31944,95,-56,-305,396,-196,899,-123,-232,-647,22761,0,-300,0,579,0,0,-3,150,131,134,151,3,7,521234486,49894725
32144,110,-50,-326,414,-157,898,-100,-244,-720,22794,0,-300,0,579,0,0,-3,142,122,126,144,3,7,521234493,49894615
32344,118,-39,-339,429,-113,896,-74,-253,-792,22794,0,-300,0,579,0,0,-3,145,125,128,147,3,7,521234500,49894506
32544,126,-26,-340,439,-68,895,-47,-260,-861,22761,0,-300,0,579,0,0,-3,149,130,133,153,3,7,521234507,49894397
32745,123,-10,-331,445,-22,894,-19,-264,-926,22794,0,-300,0,579,0,0,-3,141,122,125,143,3,7,521234514,49894288
32945,122,4,-309,446,20,894,7,-264,-984,22793,0,-300,0,579,0,0,-3,144,127,129,147,3,7,521234520,49894179
33145,115,17,-277,442,61,894,33,-262,-1035,22794,0,-300,0,579,0,0,-3,143,129,130,147,3,7,521234526,49894070
33345,104,28,-235,436,98,895,56,-258,-1076,22793,0,-300,0,579,0,0,-2,142,129,131,145,3,7,521234531,49893960
33545,87,31,-190,427,129,895,76,-253,-1107,22760,0,-300,0,579,0,0,-2,145,135,137,148,3,7,521234535,49893851
33746,67,29,-143,418,153,896,92,-247,-1127,22793,0,-300,0,579,0,0,-1,139,132,133,142,3,7,521234538,49893742
33946,53,25,-93,411,170,897,104,-242,-1137,22760,0,-300,0,579,0,0,-1,143,138,139,145,3,7,521234541,49893632
34146,34,16,-46,405,183,897,112,-239,-1138,22793,0,-300,0,579,0,0,0,134,131,132,135,3,7,521234542,49893522
34346,20,9,-1,402,188,898,116,-237,-1130,22793,0,-300,0,579,0,0,0,137,136,137,136,3,7,521234542,49893413
34547,7,1,38,402,189,898,117,-237,-1114,22760,0,-300,0,579,0,0,0,140,142,143,140,3,7,521234541,49893303
34747,-7,-6,72,405,186,897,116,-238,-1092,22793,0,-300,0,579,0,0,0,135,139,139,134,3,7,521234540,49893194
34947,-24,-14,98,409,177,897,111,-241,-1066,22759,0,-300,0,579,0,0,1,139,144,144,138,3,7,521234538,49893085
35147,-37,-17,119,415,165,896,104,-244,-1036,22792,0,-300,0,579,0,0,1,131,137,137,129,3,7,521234536,49892975
35347,-46,-18,135,421,148,896,94,-248,-1005,22792,0,-300,0,579,0,0,1,133,141,140,132,3,7,521234534,49892866
35548,-46,-17,147,427,129,895,83,-252,-972,22759,0,-300,0,579,0,0,1,138,146,145,136,3,7,521234531,49892757
35748,-51,-15,154,433,110,895,72,-256,-940,22792,0,-300,0,579,0,0,1,130,138,137,128,3,7,521234528,49892647
35948,-60,-12,154,438,90,894,59,-259,-909,22791,0,-300,0,579,0,0,1,133,142,141,131,3,7,521234526,49892537
36148,-57,-9,150,441,69,894,46,-261,-880,22758,0,-300,0,579,0,0,1,138,146,145,136,3,7,521234523,49892427
36348,-53,-6,140,444,49,894,34,-263,-854,22791,0,-300,0,579,0,0,1,130,138,137,129,3,7,521234521,49892317
36549,-49,-3,126,446,31,894,23,-264,-831,22791,0,-300,0,579,0,0,1,133,141,140,132,3,7,521234518,49892208
36749,-49,0,107,446,15,894,12,-265,-813,22758,0,-300,0,579,0,0,1,139,145,144,138,3,7,521234517,49892098
36949,-43,3,85,446,0,894,2,-265,-799,22791,0,-300,0,579,0,0,0,131,136,135,130,3,7,521234515,49891988
37149,-32,2,64,445,-11,895,-5,-264,-790,22791,0,-300,0,579,0,0,0,135,139,138,135,3,7,521234514,49891877
37349,-28,3,42,444,-20,895,-10,-264,-786,22758,0,-300,0,579,0,0,0,141,143,142,140,3,7,521234514,49891767
37550,-20,2,22,443,-26,895,-15,-263,-786,22791,0,-300,0,579,0,0,0,133,134,134,132,3,7,521234514,49891658
37750,-10,0,4,443,-30,895,-18,-263,-789,22791,0,-300,0,579,0,0,0,137,137,136,136,3,7,521234514,49891548
37950,0,0,-10,443,-31,895,-18,-263,-796,22791,0,-300,0,579,0,0,0,138,137,137,138,3,7,521234515,49891438
38150,5,0,-25,443,-28,895,-17,-263,-805,22791,0,-300,0,579,0,0,0,137,136,136,137,3,7,521234516,49891328
38351,5,0,-40,444,-24,895,-15,-263,-816,22757,0,-300,0,579,0,0,0,142,140,141,143,3,7,521234517,49891219
38551,14,-1,-51,444,-19,895,-12,-263,-829,22790,0,-300,0,579,0,0,0,135,132,132,135,3,7,521234518,49891109
38751,17,0,-59,444,-12,895,-8,-264,-843,22790,0,-300,0,579,0,0,0,138,134,135,138,3,7,521234520,49891000
38951,19,0,-64,444,-4,895,-3,-264,-857,22756,0,-300,0,579,0,0,0,143,139,140,143,3,7,521234522,49890890
39151,21,0,-66,444,2,895,1,-264,-871,22789,0,-300,0,579,0,0,0,135,131,132,136,3,7,521234523,49890780
39352,23,0,-65,444,11,895,6,-264,-885,22789,0,-300,0,579,0,0,0,138,134,135,139,3,7,521234525,49890671
39552,29,0,-60,444,20,895,11,-264,-898,22789,0,-300,0,579,0,0,0,138,135,135,139,3,7,521234526,49890562
39752,22,1,-56,443,29,895,17,-263,-909,22789,0,-300,0,579,0,0,0,135,132,132,135,3,7,521234528,49890452
39952,17,1,-50,443,37,895,22,-263,-918,22788,0,-300,0,579,0,0,0,138,135,136,138,3,7,521234529,49890343
40152,19,1,-43,442,43,895,26,-263,-926,22755,0,-300,0,579,0,0,0,142,140,140,143,3,7,521234530,49890233
40353,14,1,-34,442,49,895,30,-262,-932,22788,0,-300,0,579,0,0,0,134,132,132,135,3,7,521234531,49890125
40553,14,1,-24,441,53,895,33,-262,-935,22788,0,-300,0,579,0,0,0,137,136,136,138,3,7,521234532,49890015
40753,6,0,-16,441,57,895,35,-262,-937,22788,0,-300,0,579,0,0,0,137,136,136,137,3,7,521234533,49889906
40953,4,0,-6,441,58,895,36,-262,-937,22788,0,-300,0,579,0,0,0,133,133,133,134,3,7,521234533,49889796
41154,7,0,3,441,59,895,37,-262,-936,22788,0,-300,0,579,0,0,0,136,137,137,137,3,7,521234533,49889687
41354,-1,0,11,441,60,895,38,-262,-932,22755,0,-300,0,579,0,0,0,141,142,142,141,3,7,521234533,49889578
41554,-6,0,16,441,58,895,37,-262,-928,22788,0,-300,0,579,0,0,0,133,134,134,133,3,7,521234533,49889468
41754,-9,0,21,442,55,895,35,-262,-922,22787,0,-300,0,579,0,0,0,137,137,137,136,3,7,521234533,49889359
41954,-8,0,25,442,52,895,33,-262,-917,22787,0,-300,0,579,0,0,0,136,138,137,135,3,7,521234533,49889249
42155,-6,-1,30,442,48,895,31,-262,-911,22788,0,-300,0,579,0,0,0,137,138,138,136,3,7,521234533,49889140
42355,-7,-1,32,443,45,895,29,-263,-904,22787,0,-300,0,579,0,0,0,136,138,137,136,3,7,521234532,49889031
42555,-12,-1,32,443,41,895,27,-263,-898,22754,0,-300,0,579,0,0,0,140,142,142,140,3,7,521234532,49888921
42755,-15,0,30,444,36,895,24,-263,-892,22787,0,-300,0,579,0,0,0,133,134,134,132,3,7,521234532,49888811
42955,-14,0,28,444,31,895,20,-263,-886,22787,0,-300,0,579,0,0,0,136,138,137,136,3,7,521234532,49888702
43156,-9,0,27,444,27,895,18,-263,-882,22753,0,-300,0,579,0,0,0,141,142,142,141,3,7,521234531,49888593
43356,-5,0,25,444,24,895,16,-264,-878,22786,0,-300,0,579,0,0,0,133,134,134,132,3,7,521234531,49888483
43556,-10,0,21,445,21,895,14,-264,-874,22786,0,-300,0,579,0,0,0,136,137,137,136,3,7,521234531,49888373
43756,-10,0,15,444,18,895,12,-264,-872,22786,0,-300,0,579,0,0,0,136,137,137,136,3,7,521234531,49888264
43957,-8,0,10,444,15,895,10,-264,-871,22786,0,-300,0,579,0,0,0,134,134,134,133,3,7,521234531,49888154
44157,-4,0,6,444,13,895,9,-264,-871,22786,0,-300,0,579,0,0,0,136,137,137,137,3,7,521234532,49888045
44357,-3,0,4,444,12,895,8,-264,-871,22785,0,-300,0,579,0,0,0,137,136,137,137,3,7,521234532,49887935
44557,-1,0,1,445,12,895,8,-264,-872,22786,0,-300,0,579,0,0,0,137,137,137,137,3,7,521234532,49887826
44757,-1,0,-2,444,12,895,8,-264,-874,22786,0,-300,0,579,0,0,0,136,137,137,137,3,7,521234533,49887716
44958,1,0,-4,445,12,895,8,-264,-876,22785,0,-300,0,579,0,0,0,137,136,137,137,3,7,521234533,49887607
45158,1,0,-7,444,13,895,8,-264,-878,22785,0,-300,0,579,0,0,0,134,133,133,134,3,7,521234533,49887498
45358,2,0,-10,444,14,895,9,-264,-881,22785,0,-300,0,579,0,0,0,137,137,136,137,3,7,521234534,49887388
45558,0,0,-12,444,16,895,9,-264,-884,22785,0,-300,0,579,0,0,0,137,136,136,137,3,7,521234535,49887278
45758,7,0,-12,444,17,895,10,-264,-887,22751,0,-300,0,579,0,0,0,141,141,141,142,3,7,521234535,49887169
45959,1,0,-12,444,19,895,12,-264,-890,22785,0,-300,0,579,0,0,0,134,133,133,134,3,7,521234536,49887060
46159,3,0,-11,444,20,895,12,-264,-893,22784,0,-300,0,579,0,0,0,137,136,137,138,3,7,521234536,49886951
46359,3,0,-10,444,22,895,13,-264,-895,22784,0,-300,0,579,0,0,0,137,136,137,137,3,7,521234537,49886841
46559,4,0,-9,444,23,895,14,-264,-897,22784,0,-300,0,579,0,0,0,141,141,141,142,3,7,521234537,49886732
46759,0,0,-7,444,24,895,15,-264,-899,22784,0,-300,0,579,0,0,0,137,137,136,137,3,7,521234538,49886622
46960,4,0,-4,444,25,895,16,-264,-900,22784,0,-300,0,579,0,0,0,137,136,137,137,3,7,521234538,49886514
47160,0,0,-3,444,26,895,16,-264,-900,22751,0,-300,0,579,0,0,0,138,137,137,137,3,7,521234539,49886404
47360,0,0,-1,444,26,895,16,-264,-901,22784,0,-300,0,579,0,0,0,133,133,134,134,3,7,521234539,49886295
47560,3,0,2,444,26,895,17,-264,-901,22784,0,-300,0,579,0,0,0,137,137,137,137,3,7,521234539,49886185
47761,-3,0,3,444,27,895,17,-263,-900,22784,0,-300,0,579,0,0,0,137,137,137,136,3,7,521234540,49886077
47961,-3,0,4,444,25,895,16,-263,-899,22751,0,-300,0,579,0,0,0,141,142,141,141,3,7,521234540,49885967
48161,1,0,6,444,25,895,16,-264,-898,22784,0,-300,0,579,0,0,0,133,133,134,133,3,7,521234540,49885858
48361,-2,0,7,444,24,895,16,-264,-897,22784,0,-300,0,579,0,0,0,137,137,137,136,3,7,521234540,49885748
48561,-3,0,7,444,23,895,15,-264,-895,22783,0,-300,0,579,0,0,0,137,137,137,136,3,7,521234540,49885639
48762,-7,0,6,444,21,895,14,-264,-894,22784,0,-300,0,579,0,0,0,137,138,137,137,3,7,521234541,49885530
48962,0,0,8,444,20,895,13,-264,-893,22784,0,-300,0,579,0,0,0,136,137,137,136,3,7,521234541,49885420
49162,-3,0,9,444,20,895,13,-264,-891,22783,0,-300,0,579,0,0,0,136,137,137,137,3,7,521234541,49885311
49362,-1,0,9,444,19,895,12,-264,-890,22784,0,-300,0,579,0,0,0,137,138,138,137,3,7,521234541,49885201
49562,-4,0,8,444,18,895,11,-264,-889,22784,0,-300,0,579,0,0,0,136,137,137,137,3,7,521234541,49885092
49763,-4,0,6,444,16,895,10,-264,-888,22784,0,-300,0,579,0,0,0,137,137,137,137,3,7,521234541,49884983
49963,-4,0,4,445,15,895,10,-264,-887,22750,0,-300,0,579,0,0,0,142,142,142,141,3,7,521234542,49884873
50163,-3,0,3,444,14,895,9,-264,-887,22783,0,-300,0,579,0,0,0,133,133,133,133,3,7,521234542,49884764
50363,-1,0,3,444,13,895,9,-264,-887,22783,0,-300,0,579,0,0,0,137,137,137,136,3,7,521234542,49884654
50564,0,0,3,444,13,895,8,-264,-887,22783,0,-300,0,579,0,0,0,137,137,137,136,3,7,521234543,49884545
50764,-1,0,2,445,12,895,8,-264,-887,22783,0,-300,0,579,0,0,0,137,137,137,137,3,7,521234543,49884436
50964,-1,0,1,444,12,895,8,-264,-887,22783,0,-300,0,579,0,0,0,138,138,137,137,3,7,521234543,49884326
51164,1,0,1,444,12,895,8,-264,-887,22783,0,-300,0,579,0,0,0,137,137,137,137,3,7,521234543,49884217
51364,-1,0,0,444,12,895,8,-264,-888,22782,0,-300,0,579,0,0,0,137,137,137,137,3,7,521234544,49884107
51565,-1,0,-1,445,12,895,7,-264,-888,22782,0,-300,0,579,0,0,0,137,137,137,137,3,7,521234544,49883998
51765,-3,0,-2,444,11,895,7,-264,-889,22782,0,-300,0,579,0,0,0,138,137,138,137,3,7,521234545,49883889
51965,3,0,0,444,11,895,7,-264,-890,22782,0,-300,0,579,0,0,0,137,137,137,136,3,7,521234545,49883780
52165,1,0,0,445,12,895,7,-264,-891,22782,0,-300,0,579,0,0,0,137,137,137,137,3,7,521234545,49883670
52365,-2,0,0,445,12,895,8,-264,-891,22749,0,-300,0,579,0,0,0,142,141,142,141,3,7,521234546,49883561
52566,1,0,0,444,12,895,7,-264,-891,22782,0,-300,0,579,0,0,0,133,133,133,133,3,7,521234546,49883452
52766,-1,0,0,444,12,895,7,-264,-892,22782,0,-300,0,579,0,0,0,137,137,137,137,3,7,521234546,49883343
52966,-1,0,0,444,12,895,7,-264,-892,22782,0,-300,0,579,0,0,0,137,137,137,137,3,7,521234547,49883233
53166,0,0,0,444,11,895,7,-264,-892,22749,0,-300,0,579,0,0,0,137,137,137,137,3,7,521234547,49883124
53367,0,0,1,444,12,895,7,-264,-892,22782,0,-300,0,579,0,0,0,134,134,134,133,3,7,521234547,49883014
53567,-3,0,0,444,11,895,7,-264,-893,22782,0,-300,0,579,0,0,0,137,137,137,137,3,7,521234548,49882906
53767,1,0,1,444,11,895,7,-264,-893,22781,0,-300,0,579,0,0,0,137,137,137,137,3,7,521234548,49882796
53967,0,0,2,444,11,895,7,-264,-893,22781,0,-300,0,579,0,0,0,137,137,137,137,3,7,521234548,49882687
54167,-3,0,1,444,11,895,7,-264,-893,22782,0,-300,0,579,0,0,0,137,137,137,137,3,7,521234549,49882577
54368,0,0,2,444,10,895,6,-264,-893,22782,0,-300,0,579,0,0,0,137,137,137,137,3,7,521234549,49882469
54568,0,0,3,444,10,895,6,-264,-892,22781,0,-300,0,579,0,0,0,137,137,137,137,3,7,521234549,49882359
54768,0,0,3,445,10,895,6,-264,-892,22781,0,-300,0,579,0,0,0,137,137,137,137,3,7,521234549,49882250
54968,-3,0,1,444,10,895,6,-264,-892,22782,0,-300,0,579,0,0,0,138,137,138,137,3,7,521234550,49882140
55168,-2,0,0,444,9,895,5,-264,-892,22782,0,-300,0,579,0,0,0,137,137,137,136,3,7,521234550,49882031
55369,1,0,1,444,8,895,5,-264,-892,22781,0,-300,0,579,0,0,0,137,137,137,137,3,7,521234550,49881922
55569,-2,0,1,445,8,895,5,-264,-892,22781,0,-300,0,579,0,0,0,137,137,137,137,3,7,521234551,49881813
55769,-1,0,1,445,8,895,5,-264,-892,22781,0,-300,0,579,0,0,0,137,137,137,137,3,7,521234551,49881703
55969,0,0,2,444,7,895,5,-264,-892,22781,0,-300,0,579,0,0,0,133,134,134,133,3,7,521234551,49881594
56170,-1,0,2,445,7,895,4,-264,-892,22781,0,-300,0,579,0,0,0,137,137,137,137,3,7,521234552,49881485
56370,-1,0,3,444,6,895,4,-264,-891,22781,0,-300,0,579,0,0,0,137,137,137,137,3,7,521234552,49881376
56570,0,0,3,445,6,895,4,-264,-891,22748,0,-300,0,579,0,0,0,141,142,142,142,3,7,521234552,49881266
56770,0,0,4,445,6,895,4,-264,-891,22781,0,-300,0,579,0,0,0,137,137,137,137,3,7,521234552,49881157
56970,-3,0,2,444,5,895,3,-264,-891,22781,0,-300,0,579,0,0,0,137,137,137,137,3,7,521234553,49881047
57171,-1,0,1,445,4,895,3,-264,-891,22781,0,-300,0,579,0,0,0,137,137,137,137,3,7,521234553,49880939
57371,0,0,2,444,4,895,3,-264,-891,22748,0,-300,0,579,0,0,0,141,141,142,142,3,7,521234553,49880829
57571,-1,0,1,445,4,895,3,-264,-891,22781,0,-300,0,579,0,0,0,137,137,137,137,3,7,521234554,49880720
57771,-1,0,1,444,3,895,2,-264,-891,22781,0,-300,0,579,0,0,0,137,137,137,137,3,7,521234554,49880610
57971,0,0,1,444,3,895,2,-264,-891,22781,0,-300,0,579,0,0,0,137,137,137,137,3,7,521234554,49880501
58172,-2,0,1,445,3,895,2,-264,-891,22781,0,-300,0,579,0,0,0,137,137,138,138,3,7,521234555,49880392
58372,0,0,1,445,2,895,2,-264,-891,22781,0,-300,0,579,0,0,0,136,137,137,137,3,7,521234555,49880283
58572,0,0,2,445,2,895,1,-264,-891,22781,0,-300,0,579,0,0,0,136,137,137,137,3,7,521234555,49880173
58772,-2,0,1,444,2,895,1,-264,-891,22781,0,-300,0,579,0,0,0,137,137,137,137,3,7,521234556,49880064
58972,0,0,2,444,1,895,1,-264,-891,22781,0,-300,0,579,0,0,0,134,134,133,133,3,7,521234556,49879955
59173,1,0,3,445,1,895,1,-264,-891,22781,0,-300,0,579,0,0,0,137,137,137,136,3,7,521234556,49879846
59373,-3,0,1,445,1,895,1,-264,-891,22781,0,-300,0,579,0,0,0,137,137,137,137,3,7,521234557,49879736
59573,-1,0,1,445,0,895,0,-264,-891,22747,0,-300,0,579,0,0,0,137,137,138,138,3,7,521234557,49879627
59773,0,0,1,444,0,895,0,-264,-891,22780,0,-300,0,579,0,0,0,133,134,134,134,3,7,521234557,49879518
59974,-1,0,1,444,0,895,0,-264,-891,22780,0,-300,0,579,0,0,0,137,137,137,137,3,7,521234558,49879408
60174,0,0,2,445,0,895,0,-264,-891,22780,0,-300,0,579,0,0,0,136,137,137,137,3,7,521234558,49879299
60374,-1,0,2,445,0,895,0,-264,-891,22780,0,-300,0,579,0,0,0,137,137,137,137,3,7,521234558,49879190
60574,-4,1,0,445,0,895,0,-264,-891,22747,0,-300,0,579,0,0,0,141,141,142,141,3,7,521234559,49879081
60774,0,0,1,444,0,895,0,-264,-891,22780,0,-300,0,579,0,0,0,133,134,133,134,3,7,521234559,49878971
60975,0,0,3,445,0,895,0,-264,-891,22780,0,-300,0,579,0,0,0,137,137,137,137,3,7,521234559,49878862
61175,-4,0,1,445,0,895,0,-264,-891,22747,0,-300,0,579,0,0,0,76,76,76,76,3,7,521234560,49878753
61375,0,0,2,444,-1,895,-1,-264,-891,22615,0,-300,0,579,0,0,0,70,70,70,70,3,7,521234560,49878644
61575,0,0,4,444,-1,895,-1,-264,-891,22351,0,-300,0,579,0,0,0,80,79,80,79,3,7,521234560,49878534
61775,-3,0,2,445,-2,895,-1,-264,-891,21925,0,-300,0,579,0,0,0,88,88,88,88,3,7,521234561,49878425
61976,-1,0,3,445,-2,895,-1,-264,-891,21398,0,-300,0,579,0,0,0,81,81,81,81,3,7,521234561,49878316
62176,2,235,4,421,-3,906,-1,-249,-890,20872,0,-300,0,579,0,0,0,96,100,97,101,3,7,521234561,49878207
62376,-2,-1,2,388,-2,921,-1,-228,-890,20214,0,-300,0,579,0,0,0,103,103,103,103,3,7,521234562,49878098
62576,1,159,2,377,-3,925,-2,-221,-890,19491,0,-300,0,579,0,0,0,99,102,99,101,3,7,521234562,49877992
62777,2,201,2,335,-2,941,-1,-195,-890,18899,0,-300,0,579,0,0,0,108,112,108,111,3,7,521234562,49877889
62977,-3,-70,-2,312,-2,949,-1,-182,-890,18175,0,-300,0,579,0,0,0,117,115,117,115,3,7,521234563,49877791
63177,1,95,-2,318,-3,947,-2,-185,-891,17453,0,-300,0,579,0,0,0,106,107,106,108,3,7,521234563,49877698
63377,2,160,-1,289,-2,957,-1,-168,-892,16827,0,-300,0,579,0,0,0,119,121,119,121,3,7,521234563,49877611
63577,-1,-90,-6,273,-2,961,-1,-159,-893,16137,0,-300,0,579,0,0,0,119,117,119,118,3,7,521234564,49877529
63778,1,90,-6,282,-2,958,-1,-164,-894,15448,0,-300,0,579,0,0,0,108,109,108,109,3,7,521234564,49877455
63978,3,-90,-4,278,-1,959,0,-162,-895,14888,0,-300,0,579,0,0,0,118,116,118,116,3,7,521234564,49877385
64178,0,117,-10,284,0,958,0,-165,-896,14198,0,-300,0,579,0,0,0,121,123,121,123,3,7,521234565,49877321
64378,2,-60,-8,272,0,961,0,-158,-898,13541,0,-300,0,579,0,0,0,108,106,108,107,3,7,521234565,49877262
64578,4,-112,-4,296,0,954,0,-172,-900,13015,0,-300,0,579,0,0,0,117,114,116,114,3,7,521234565,49877207
64779,1,153,-3,301,1,953,0,-175,-901,12359,0,-300,0,579,0,0,0,118,121,118,121,3,7,521234565,49877156
64979,1,-11,-2,278,1,960,1,-161,-901,11734,0,-300,0,579,0,0,0,105,104,105,104,3,7,521234565,49877106
65179,-1,-75,-15,290,2,956,1,-168,-903,11175,0,-300,0,579,0,0,0,121,119,120,120,3,7,521234566,49877060
65379,0,174,-14,285,2,958,1,-165,-906,10552,0,-300,0,579,0,0,0,115,117,114,118,3,7,521234566,49877016
65580,4,-4,-9,257,3,965,1,-149,-908,9927,0,-300,0,579,0,0,0,105,105,104,105,3,7,521234566,49876975
65780,5,-74,-5,268,5,962,2,-155,-910,9402,0,-300,0,579,0,0,0,118,116,117,116,3,7,521234566,49876937
65980,-2,171,-4,262,5,964,3,-152,-911,8778,0,-300,0,579,0,0,0,121,124,121,124,3,7,521234566,49876902
66180,1,-7,-6,235,5,971,3,-136,-912,8155,0,-300,0,579,0,0,0,118,118,118,118,3,7,521234566,49876870
66380,16,-530,-15,295,7,955,4,-171,-914,7662,0,-300,0,579,0,-1,0,137,127,136,128,3,7,521234567,49876841
66581,7,-173,-6,400,12,916,7,-236,-916,7137,0,-300,0,579,0,0,0,136,133,136,134,3,7,521234567,49876815
66781,-16,499,-20,375,11,926,7,-220,-917,6644,0,-300,0,579,0,1,0,123,130,121,131,3,7,521234567,49876785
66981,-11,438,-13,245,7,968,4,-142,-921,6251,0,-300,0,579,0,1,0,136,143,135,143,3,7,521234567,49876750
67181,2,51,-3,166,6,985,3,-96,-923,5824,0,-300,0,579,0,0,0,141,142,141,142,3,7,521234567,49876716
67381,24,-509,0,217,9,975,5,-125,-924,5462,0,-300,0,579,0,-1,0,135,127,136,127,3,7,521234567,49876689
67582,7,-163,0,319,15,946,8,-186,-924,5135,0,-300,0,579,0,0,0,140,137,141,138,3,7,521234567,49876669
67782,1,-54,0,352,16,935,9,-206,-924,4905,0,-300,0,579,0,0,0,139,138,139,138,3,7,521234567,49876648
67982,0,-20,0,363,17,931,10,-213,-924,4643,0,-300,0,579,0,0,0,138,137,138,138,3,7,521234567,49876624
68182,-10,237,0,340,16,939,9,-199,-924,4447,0,-300,0,579,0,0,0,138,142,138,142,3,7,521234567,49876597
68383,-27,582,-15,235,10,971,6,-136,-925,4250,0,-300,0,579,0,2,0,137,147,135,147,3,7,521234567,49876567
68583,-31,-329,746,177,5,983,3,-101,-879,4087,0,-300,0,579,0,-1,8,118,154,158,110,3,7,521234567,49876540
68783,-152,-79,757,241,-30,969,-17,-139,-729,3922,0,-300,0,579,0,0,8,118,160,157,113,3,7,521234567,49876518
68983,-179,37,768,246,-89,964,-51,-142,-576,3791,0,-300,0,579,0,0,8,117,162,157,115,3,7,521234568,49876500
69183,-167,107,778,221,-150,963,-87,-127,-422,3660,0,-300,0,579,0,0,8,113,160,153,112,3,7,521234571,49876484
69384,61,306,787,156,-180,971,-105,-89,-264,3562,0,-300,0,579,0,1,8,110,160,155,116,3,7,521234575,49876469
69584,-6,209,795,71,-173,981,-101,-41,-106,3464,0,-300,0,579,0,0,8,111,161,156,115,3,7,521234581,49876456
69784,4,188,803,4,-174,984,-101,-2,53,3333,0,-300,0,579,0,0,8,108,157,154,112,3,7,521234589,49876448
69984,47,170,809,-55,-165,984,-95,31,214,3235,0,-300,0,579,0,0,9,108,158,156,113,3,7,521234596,49876444
70184,94,149,815,-109,-141,983,-81,63,377,3169,0,-300,0,579,0,0,9,108,158,157,114,3,7,521234603,49876445
70385,137,114,821,-153,-101,982,-58,88,542,3071,0,-300,0,579,0,0,9,109,158,159,114,3,7,521234609,49876450
70585,170,73,826,-184,-47,981,-27,106,706,2973,0,-300,0,579,0,0,9,110,157,161,115,3,7,521234615,49876459
70785,190,20,830,-199,14,979,7,114,872,2907,0,-300,0,579,0,0,9,111,158,162,114,3,7,521234620,49876470
70985,193,-37,834,-194,80,977,45,112,1039,2841,0,-300,0,579,0,0,9,112,158,163,115,3,7,521234623,49876484
71185,179,-94,838,-169,143,975,82,97,1206,2776,0,-300,0,579,0,0,9,113,158,164,114,3,7,521234625,49876499
71386,151,-146,842,-126,198,971,115,72,1375,2711,0,-300,0,579,0,0,9,115,159,165,114,3,7,521234626,49876515
71586,106,-188,845,-66,240,968,139,38,1543,2678,0,-300,0,579,0,-1,9,112,155,162,109,3,7,521234625,49876531
71786,52,-196,678,1,264,964,153,-1,1692,2613,0,-300,0,579,0,0,5,128,149,154,124,3,7,521234623,49876545
71986,18,-167,573,63,273,959,159,-36,-1799,2580,0,-300,0,579,0,0,4,126,145,149,123,3,7,521234620,49876559
72187,-4,-146,553,116,273,955,159,-67,-1700,2515,0,-300,0,579,0,0,4,128,145,148,123,3,7,521234614,49876571
72387,-27,-134,546,164,266,950,155,-94,-1604,2483,0,-300,0,579,0,0,4,128,146,148,124,3,7,521234607,49876580
72587,-94,111,600,177,245,953,143,-102,-1505,2450,0,-300,0,579,0,0,4,117,141,139,116,3,7,521234598,49876586
72787,-95,-44,692,169,214,962,125,-97,-1396,2385,0,-300,0,579,0,0,5,114,140,139,110,3,7,521234588,49876588
72987,-117,-84,820,192,179,964,105,-111,-1277,2320,0,-300,0,579,0,0,7,108,143,143,103,3,7,521234579,49876589
73188,-146,-80,835,222,134,965,78,-128,-1144,2254,0,-300,0,579,0,0,9,106,152,150,101,3,7,521234571,49876589
73388,-171,-52,806,245,78,966,46,-141,-1003,2156,0,-300,0,579,0,0,6,112,145,142,106,3,7,521234565,49876589
73588,-164,-14,555,256,19,965,12,-148,-882,2024,0,-300,0,579,0,0,4,121,143,139,117,3,7,521234561,49876589
73788,-132,12,478,257,-30,965,-16,-148,-791,1926,0,-300,0,579,0,0,3,122,141,137,119,3,7,521234557,49876588
73988,-97,24,279,250,-71,965,-40,-145,-725,1795,0,-300,0,579,0,0,2,125,136,134,124,3,7,521234555,49876588
74189,-66,25,234,242,-98,965,-56,-140,-679,1664,0,-300,0,579,0,0,1,130,140,138,129,3,7,521234553,49876587
74389,-51,26,218,233,-118,965,-68,-135,-639,1533,0,-300,0,579,0,0,1,130,139,137,130,3,7,521234551,49876586
74589,-44,27,209,224,-134,965,-78,-130,-602,1402,0,-300,0,579,0,0,1,128,137,135,127,3,7,521234549,49876585
74789,-42,30,228,215,-148,965,-86,-124,-563,1271,0,-300,0,579,0,0,1,133,142,140,132,3,7,521234547,49876583
74990,-39,32,199,205,-162,965,-94,-118,-525,1140,0,-300,0,579,0,0,1,135,143,142,134,3,7,521234545,49876582
75190,-37,34,215,193,-174,965,-102,-111,-488,1042,0,-300,0,579,0,0,1,132,142,140,132,3,7,521234543,49876580
75390,-37,40,246,181,-187,965,-109,-104,-447,943,0,-300,0,579,0,0,1,134,144,142,133,3,7,521234541,49876577
75590,-35,43,218,167,-199,965,-116,-96,-406,845,0,-300,0,579,0,0,1,135,145,143,135,3,7,521234539,49876575
75790,-30,42,201,153,-210,965,-122,-88,-369,746,0,-300,0,579,0,0,1,133,142,140,133,3,7,521234537,49876573
75991,-27,44,221,139,-219,965,-128,-80,-331,682,0,-300,0,579,0,0,1,134,143,141,134,3,7,521234535,49876570
76191,-23,43,185,124,-228,965,-133,-71,-294,616,0,-300,0,579,0,0,1,135,144,142,136,3,7,521234533,49876568
76391,-20,43,200,109,-235,965,-137,-62,-260,551,0,-300,0,579,0,0,1,131,141,139,132,3,7,521234531,49876565
76591,-17,45,196,94,-242,965,-141,-54,-224,518,0,-300,0,579,0,0,1,133,141,140,133,3,7,521234529,49876562
76791,-14,42,165,79,-247,965,-144,-45,-192,486,0,-300,0,579,0,0,1,134,141,139,135,3,7,521234526,49876560
76992,-10,40,164,65,-251,965,-146,-37,-162,453,0,-300,0,579,0,0,1,134,141,140,134,3,7,521234524,49876557
77192,12,-195,156,84,-251,963,-146,-48,-134,388,0,-300,0,579,0,0,1,137,139,142,133,3,7,521234522,49876554
77392,1,-39,145,121,-250,960,-145,-69,-107,388,0,-300,0,579,0,0,1,132,136,137,131,3,7,521234520,49876551
77592,0,7,128,125,-250,959,-146,-72,-82,355,0,-300,0,579,0,0,0,136,141,140,136,3,7,521234520,49876548
77793,1,23,152,120,-250,960,-146,-69,-56,323,0,-300,0,579,0,0,1,135,142,141,135,3,7,521234522,49876544
77993,-18,262,144,78,-254,963,-148,-44,-29,291,0,-300,0,579,0,0,1,133,144,139,137,3,7,521234528,49876541
78193,-5,114,229,19,-258,965,-150,-10,4,291,0,-300,0,579,0,0,1,129,140,138,132,3,7,521234535,49876537
78393,3,89,373,-12,-258,965,-150,7,59,258,0,-300,0,579,0,0,2,130,146,144,133,3,7,521234543,49876533
78593,20,109,598,-43,-255,965,-148,25,145,258,0,-300,0,579,0,0,4,121,148,145,125,3,7,521234551,49876530
78794,47,130,782,-84,-245,965,-142,48,256,226,0,-300,0,579,0,0,8,115,162,160,119,3,7,521234558,49876526
78994,101,154,791,-135,-219,966,-127,78,413,226,0,-300,0,579,0,0,8,109,158,157,116,3,7,521234566,49876523
79194,148,136,799,-187,-176,966,-102,107,572,193,0,-300,0,579,0,0,8,114,162,163,120,3,7,521234573,49876520
79394,183,95,806,-227,-118,966,-69,131,733,193,0,-300,0,579,0,0,9,110,157,160,116,3,7,521234582,49876517
79594,204,42,812,-250,-50,966,-30,145,895,194,0,-300,0,579,0,0,9,110,157,160,115,3,7,521234591,49876514
79795,208,-15,818,-255,21,966,11,147,1059,161,0,-300,0,579,0,0,9,112,157,163,116,3,7,521234601,49876512
79995,325,-267,823,-213,113,970,65,123,1223,161,0,-300,0,579,1,-1,9,113,154,166,114,3,7,521234612,49876511
80195,167,-213,828,-133,194,971,112,76,1388,162,0,-300,0,579,0,0,9,113,156,164,112,3,7,521234623,49876509
80395,77,-191,475,-61,234,969,136,35,1531,162,0,-300,0,579,0,0,3,128,143,149,126,3,7,521234632,49876509
80595,24,-92,177,-7,251,967,145,4,1592,162,0,0,0,549,0,0,0,0,0,0,0,0,7,521234639,49876510
80796,0,-1,3,0,253,967,146,0,1601,-2,0,0,0,549,0,0,0,0,0,0,0,0,7,521234643,49876512
80996,0,0,0,0,253,966,146,0,1601,-2,0,0,0,549,0,0,0,0,0,0,0,0,7,521234644,49876513
81196,0,0,0,0,253,966,146,0,1601,-2,0,0,0,549,0,0,0,0,0,0,0,0,7,521234644,49876513
81396,0,0,0,0,253,966,146,0,1601,-2,0,0,0,549,0,0,0,0,0,0,0,0,7,521234644,49876513
81597,0,0,0,0,253,966,146,0,1601,-2,0,0,0,549,0,0,0,0,0,0,0,0,7,521234644,49876513
81797,0,0,0,0,253,966,146,0,1601,-2,0,0,0,549,0,0,0,0,0,0,0,0,7,521234644,49876513
81997,0,0,0,0,253,966,146,0,1601,-2,0,0,0,549,0,0,0,0,0,0,0,0,7,521234644,49876513
82197,0,0,0,0,253,966,146,0,1601,-2,0,0,0,549,0,0,0,0,0,0,0,0,7,521234644,49876513
82397,0,0,0,0,253,966,146,0,1601,-2,0,0,0,549,0,0,0,0,0,0,0,0,7,521234644,49876513
82598,0,0,0,0,253,966,146,0,1601,-2,0,0,0,549,0,0,0,0,0,0,0,0,7,521234644,49876513
82798,0,0,0,0,253,966,146,0,1601,-2,0,0,0,549,0,0,0,0,0,0,0,0,7,521234644,49876513
82998,0,0,0,0,253,966,146,0,1601,-2,0,0,0,549,0,0,0,0,0,0,0,0,7,521234644,49876513
83198,0,0,0,0,253,966,146,0,1601,-2,0,0,0,549,0,0,0,0,0,0,0,0,7,521234644,49876513
83398,0,0,0,0,253,966,146,0,1601,-2,0,0,0,549,0,0,0,0,0,0,0,0,7,521234644,49876513
83599,0,0,0,0,253,966,146,0,1601,-2,0,0,0,549,0,0,0,0,0,0,0,0,7,521234644,49876513
83799,0,0,0,0,253,966,146,0,1601,-1,0,0,0,549,0,0,0,0,0,0,0,0,7,521234644,49876513
83999,0,0,0,0,253,966,146,0,1601,-1,0,0,0,549,0,0,0,0,0,0,0,0,7,521234644,49876513
84199,0,0,0,0,253,966,146,0,1601,-1,0,0,0,549,0,0,0,0,0,0,0,0,7,521234644,49876513
84400,0,0,0,0,253,966,146,0,1601,-1,0,0,0,549,0,0,0,0,0,0,0,0,7,521234644,49876513
ak> sim:  84711 ms  roll   14.7 deg  pitch    0.0 deg  motors 0.00 0.00 0.00 0.00
sim:  85711 ms  roll   14.7 deg  pitch    0.0 deg  motors 0.00 0.00 0.00 0.00
sim:  86711 ms  roll   14.7 deg  pitch    0.0 deg  motors 0.00 0.00 0.00 0.00
sim:  87711 ms  roll   14.7 deg  pitch    0.0 deg  motors 0.00 0.00 0.00 0.00
sim:  88711 ms  roll   14.7 deg  pitch    0.0 deg  motors 0.00 0.00 0.00 0.00
sim:  89711 ms  roll   14.7 deg  pitch    0.0 deg  motors 0.00 0.00 0.00 0.00
sim:  90711 ms  roll   14.7 deg  pitch    0.0 deg  motors 0.00 0.00 0.00 0.00
alive: 90711 ms, 89905 loops
sim:  91711 ms  roll   14.7 deg  pitch    0.0 deg  motors 0.00 0.00 0.00 0.00
sim:  92711 ms  roll   14.7 deg  pitch    0.0 deg  motors 0.00 0.00 0.00 0.00
sim:  93711 ms  roll   14.7 deg  pitch    0.0 deg  motors 0.00 0.00 0.00 0.00
sim:  94711 ms  roll   14.7 deg  pitch    0.0 deg  motors 0.00 0.00 0.00 0.00
sim:  95711 ms  roll   14.7 deg  pitch    0.0 deg  motors 0.00 0.00 0.00 0.00
sim:  96711 ms  roll   14.7 deg  pitch    0.0 deg  motors 0.00 0.00 0.00 0.00
sim:  97711 ms  roll   14.7 deg  pitch    0.0 deg  motors 0.00 0.00 0.00 0.00
sim:  98711 ms  roll   14.7 deg  pitch    0.0 deg  motors 0.00 0.00 0.00 0.00
sim:  99711 ms  roll   14.7 deg  pitch    0.0 deg  motors 0.00 0.00 0.00 0.00
sim: ok   the quadrotor flew away from home          147 m out at its furthest
sim: ok   and its yaw estimate had found the ground track by then the estimator's yaw was 0 deg from the track it was making when the link went
sim: ok   the navigator says the return engaged      the console reports it engaged
sim: ok   and brought it back over the ground it took off from closest approach 0 m of 136 m out; 1 m out when it first reached the hover height
sim: ok   then descended to the hover height it was told to hold at 3.5 m above home on arrival, 2.1 m four seconds later
sim: ok   and it came down over the ground it took off from the descent started 9.5 m from home at 22.3 m up
sim: ok   and it held its station over home while it settled averaged 0.5 m from home over 111 samples of the settle
sim: ok   and the blackbox carries the height and the yaw of the flight 418 records, height -0.0 to 23.2 m, yaw span 349 deg, last position 0 m from where the aircraft is
sim: ok   and where the flight ended, from the last record in it 418 records, height -0.0 to 23.2 m, yaw span 349 deg, last position 0 m from where the aircraft is
sim: ok   and it landed and stopped its motors there on the ground at 0.0 m, motors stopped at 0.2 m, 1 m from home
sim: ok   and stayed down - disarmed - when the receiver came back the later status says disarmed
sim: ok   and the flight mode it sent said RTH       DISARM
sim: ok   the handset asked who is on the link, and got one answer per ping 2 pings up the wire, 2 answers back, name "aerialkit-f405"
sim: ok   and the answer is the device-info frame a handset expects "aerialkit-f405", to 0xea from 0xc8, 0 parameters, version 1

sim: ---- 100 s of simulated flight ----
sim: 100000 ms, 99894 passes of the main loop
sim: ok   one pass of the loop is one millisecond    1.0011 ms per pass over 99894 passes
sim: ok   every radio byte reached the parser        52948 of 52948 bytes taken, ring dropped 0
sim: ok   the radio sent frames throughout           2036 frames of 26 bytes each
sim: ok   the gps stream reached the parser          497 gps frames, 0 bytes dropped
sim: ok   the position the gps sent is the position the firmware has looking for "52.1234567, 4.9876543" in the console: found
sim: ok   the aircraft armed and the mixer drove the motors motors turning 3013..80581 ms, up to 1.00
sim: PASS (0 checks failed)
