
AerialKit Firmware
  product:  aerialkit-f405
  board:    SIM / software in the loop
  rev:      879086d-dirty
  built:    Sep 18 2026 / 17:29:14
  clocks:   simulated, 160 MHz
  state:    no sensor drivers - the flight loop runs in failsafe

faults: none recorded
selftest:
  ok       squareroot of 9 is 3
  ok       atan2(1,1) is pi/4
  ok       quad hover is symmetric
  ok       quad roll right lifts the left pair
  ok       quad nose-up lifts the front pair
  ok       wing pitch moves both elevons together
  ok       wing roll moves the elevons opposite ways
  ok       wing yaw is differential thrust
  ok       estimator holds level when level
  ok       disarmed means motors at zero and servos centred
  ok       arm switch plus low throttle arms
  ok       armed, roll right lifts the left pair
  ok       RC loss stops the motors
  ok       failsafe is latched, not just this frame
  ok       failsafe holds until the arm switch is cycled
  ok       a wing arms the same way
  ok       a wing that loses its link circles down instead of stopping
  ok       and a link that comes back does not take it back mid-descent
  ok       and the ground disarms it
selftest: passed

imu:       configured for 1 kHz, gyro 2000 dps, accel 16 g
imu:       icm42688p
baro:      dps310
rangefinder: tof10120 at 0x52, up to 2.00 m
console: type 'help'
no saved configuration
preflight: the machine is what the firmware thinks it is
boot: ok
ak> sim:    812 ms  roll    0.0 deg  pitch    0.0 deg  motors 0.00 0.00 0.00 0.00
home: from the first fix while disarmed, 52.1234567, 4.9876543
set rth_enable 1
rth_enable = 1
ak> gyro: bias measured while disarmed: 0 0 0 mdps (500 samples, 0 rejected)
sim:   1811 ms  roll    0.0 deg  pitch    0.0 deg  motors 0.00 0.00 0.00 0.00
sim:   2501 ms  arm switch on, throttle down
sim:   2811 ms  roll    0.0 deg  pitch    0.0 deg  motors 0.00 0.00 0.00 0.00
sim:   3811 ms  roll    0.0 deg  pitch    0.0 deg  motors 0.07 0.07 0.07 0.07
sim:   4001 ms  throttle up, climbing
sim:   4811 ms  roll    0.0 deg  pitch    0.0 deg  motors 0.59 0.59 0.59 0.59
sim:   5811 ms  roll    0.0 deg  pitch    0.0 deg  motors 0.59 0.59 0.59 0.59
sim:   6811 ms  roll    0.0 deg  pitch    0.0 deg  motors 0.59 0.59 0.59 0.59
sim:   7001 ms  nose down, flying out east
sim:   7811 ms  roll    0.0 deg  pitch  -10.5 deg  motors 0.59 0.59 0.59 0.59
sim:   8811 ms  roll    0.0 deg  pitch  -10.6 deg  motors 0.59 0.59 0.59 0.59
sim:   9811 ms  roll    0.0 deg  pitch  -10.5 deg  motors 0.59 0.59 0.59 0.59
sim:  10811 ms  roll    0.0 deg  pitch  -10.5 deg  motors 0.59 0.59 0.59 0.59
alive: 10811 ms, 9990 loops
sim:  11811 ms  roll    0.0 deg  pitch  -10.5 deg  motors 0.59 0.59 0.59 0.59
sim:  12811 ms  roll    0.0 deg  pitch  -10.5 deg  motors 0.59 0.59 0.59 0.59
sim:  13811 ms  roll    0.0 deg  pitch  -10.5 deg  motors 0.59 0.59 0.59 0.59
sim:  14811 ms  roll    0.0 deg  pitch  -10.5 deg  motors 0.59 0.59 0.59 0.59
sim:  15811 ms  roll    0.0 deg  pitch  -10.5 deg  motors 0.59 0.59 0.59 0.59
sim:  16811 ms  roll    0.0 deg  pitch  -10.5 deg  motors 0.59 0.59 0.59 0.59
sim:  17811 ms  roll    0.0 deg  pitch  -10.5 deg  motors 0.59 0.59 0.59 0.59
sim:  18811 ms  roll    0.0 deg  pitch  -10.5 deg  motors 0.59 0.59 0.59 0.59
sim:  19811 ms  roll    0.0 deg  pitch  -10.5 deg  motors 0.59 0.59 0.59 0.59
sim:  20811 ms  roll    0.0 deg  pitch  -10.5 deg  motors 0.59 0.59 0.59 0.59
alive: 20811 ms, 19979 loops
sim:  21811 ms  roll    0.0 deg  pitch  -10.5 deg  motors 0.59 0.59 0.59 0.59
sim:  22001 ms  receiver unplugged, 136 m out at 22.3 m, 9 m/s
sim:  22002 ms  135.7 m from home, 22.3 m up, mode ANGLE
sim:  22811 ms  roll    1.6 deg  pitch   27.9 deg  motors 0.39 0.55 0.57 0.41
sim:  23002 ms  143.2 m from home, 23.1 m up, mode RTH
sim:  23811 ms  roll    2.2 deg  pitch   29.2 deg  motors 0.63 0.47 0.45 0.62
sim:  24002 ms  146.4 m from home, 23.0 m up, mode RTH
sim:  24811 ms  roll   13.4 deg  pitch   25.4 deg  motors 0.45 0.60 0.65 0.46
sim:  25002 ms  146.6 m from home, 22.9 m up, mode RTH
sim:  25811 ms  roll   13.6 deg  pitch   25.3 deg  motors 0.53 0.60 0.60 0.53
sim:  26002 ms  145.0 m from home, 22.8 m up, mode RTH
gps
gps:       12600 bytes, 126 messages, 126 NAV-PVT, 0 bad checksums, 0 bad lengths, 0 other
fix:       type 3 (ok), 11 satellites, pdop 1.23, hacc 1200 mm
usable:    yes (needs 6 satellites, has 11)
position:  52.1234596, 4.9897822
altitude:  142794 mm msl
motion:    1995 mm/s, course -97.-96156 deg
uart:      0 bytes dropped by the receive buffer
fixes:     126, valid now: yes
configure:  0 attempts
home:      145 m away, bearing -90.-12 deg
return:    engaged, 1 engagements, holding 142640 mm (quadrotor: climb, translate, settle profile)
link:      gone, returning enabled
ak> sim:  26811 ms  roll   19.7 deg  pitch   20.6 deg  motors 0.56 0.55 0.54 0.56
sim:  27002 ms  142.3 m from home, 22.8 m up, mode RTH
sim:  27811 ms  roll   26.1 deg  pitch   10.8 deg  motors 0.53 0.57 0.60 0.51
sim:  28002 ms  139.0 m from home, 22.8 m up, mode RTH
sim:  28811 ms  roll   23.4 deg  pitch  -17.3 deg  motors 0.47 0.62 0.62 0.42
sim:  29002 ms  135.2 m from home, 22.8 m up, mode RTH
sim:  29811 ms  roll   -4.9 deg  pitch  -27.0 deg  motors 0.49 0.62 0.60 0.48
sim:  30002 ms  131.2 m from home, 22.8 m up, mode RTH
sim:  30811 ms  roll  -15.3 deg  pitch  -20.2 deg  motors 0.54 0.55 0.56 0.54
alive: 30811 ms, 29969 loops
sim:  31002 ms  127.3 m from home, 22.8 m up, mode RTH
sim:  31811 ms  roll  -10.7 deg  pitch  -23.5 deg  motors 0.57 0.51 0.53 0.58
sim:  32002 ms  123.5 m from home, 22.8 m up, mode RTH
sim:  32811 ms  roll    1.6 deg  pitch  -26.5 deg  motors 0.57 0.49 0.50 0.58
sim:  33002 ms  119.7 m from home, 22.8 m up, mode RTH
sim:  33811 ms  roll   10.6 deg  pitch  -24.0 deg  motors 0.58 0.55 0.55 0.59
sim:  34002 ms  116.0 m from home, 22.8 m up, mode RTH
sim:  34811 ms  roll   11.7 deg  pitch  -23.6 deg  motors 0.56 0.57 0.57 0.56
sim:  35002 ms  112.2 m from home, 22.8 m up, mode RTH
sim:  35811 ms  roll    7.1 deg  pitch  -25.6 deg  motors 0.55 0.58 0.58 0.55
sim:  36002 ms  108.5 m from home, 22.8 m up, mode RTH
sim:  36811 ms  roll    1.9 deg  pitch  -26.5 deg  motors 0.54 0.56 0.56 0.54
sim:  37002 ms  104.7 m from home, 22.8 m up, mode RTH
sim:  37811 ms  roll   -0.4 deg  pitch  -26.4 deg  motors 0.53 0.53 0.54 0.53
sim:  38002 ms  100.9 m from home, 22.8 m up, mode RTH
sim:  38811 ms  roll    0.8 deg  pitch  -26.4 deg  motors 0.57 0.56 0.56 0.58
sim:  39002 ms  97.2 m from home, 22.8 m up, mode RTH
sim:  39811 ms  roll    3.0 deg  pitch  -26.3 deg  motors 0.55 0.54 0.54 0.56
sim:  40002 ms  93.4 m from home, 22.8 m up, mode RTH
sim:  40811 ms  roll    4.4 deg  pitch  -26.1 deg  motors 0.54 0.53 0.53 0.54
alive: 40811 ms, 39958 loops
sim:  41002 ms  89.7 m from home, 22.8 m up, mode RTH
sim:  41811 ms  roll    4.1 deg  pitch  -26.2 deg  motors 0.57 0.57 0.57 0.56
sim:  42002 ms  85.9 m from home, 22.8 m up, mode RTH
sim:  42811 ms  roll    3.0 deg  pitch  -26.3 deg  motors 0.55 0.55 0.55 0.55
sim:  43002 ms  82.2 m from home, 22.8 m up, mode RTH
sim:  43811 ms  roll    2.0 deg  pitch  -26.4 deg  motors 0.55 0.56 0.55 0.55
sim:  44002 ms  78.4 m from home, 22.8 m up, mode RTH
sim:  44811 ms  roll    1.7 deg  pitch  -26.4 deg  motors 0.55 0.55 0.55 0.55
sim:  45002 ms  74.7 m from home, 22.8 m up, mode RTH
sim:  45811 ms  roll    1.9 deg  pitch  -26.4 deg  motors 0.55 0.55 0.55 0.55
sim:  46002 ms  70.9 m from home, 22.8 m up, mode RTH
sim:  46811 ms  roll    2.2 deg  pitch  -26.4 deg  motors 0.54 0.54 0.54 0.54
sim:  47002 ms  67.2 m from home, 22.8 m up, mode RTH
sim:  47811 ms  roll    2.2 deg  pitch  -26.4 deg  motors 0.55 0.55 0.55 0.55
sim:  48002 ms  63.4 m from home, 22.8 m up, mode RTH
sim:  48811 ms  roll    1.8 deg  pitch  -26.4 deg  motors 0.55 0.55 0.55 0.55
sim:  49002 ms  59.7 m from home, 22.8 m up, mode RTH
sim:  49811 ms  roll    1.5 deg  pitch  -26.4 deg  motors 0.53 0.53 0.54 0.53
sim:  50002 ms  55.9 m from home, 22.8 m up, mode RTH
sim:  50811 ms  roll    1.3 deg  pitch  -26.4 deg  motors 0.57 0.57 0.57 0.57
alive: 50811 ms, 49947 loops
sim:  51002 ms  52.2 m from home, 22.8 m up, mode RTH
sim:  51811 ms  roll    1.2 deg  pitch  -26.4 deg  motors 0.53 0.53 0.53 0.54
sim:  52002 ms  48.5 m from home, 22.8 m up, mode RTH
sim:  52811 ms  roll    1.1 deg  pitch  -26.4 deg  motors 0.55 0.55 0.55 0.55
sim:  53002 ms  44.7 m from home, 22.8 m up, mode RTH
sim:  53811 ms  roll    1.0 deg  pitch  -26.4 deg  motors 0.55 0.55 0.55 0.55
sim:  54002 ms  41.0 m from home, 22.8 m up, mode RTH
sim:  54811 ms  roll    0.9 deg  pitch  -26.4 deg  motors 0.55 0.55 0.55 0.55
sim:  55002 ms  37.2 m from home, 22.8 m up, mode RTH
sim:  55811 ms  roll    0.7 deg  pitch  -26.4 deg  motors 0.55 0.55 0.55 0.55
sim:  56002 ms  33.5 m from home, 22.8 m up, mode RTH
sim:  56811 ms  roll    0.5 deg  pitch  -26.4 deg  motors 0.57 0.57 0.57 0.57
sim:  57002 ms  29.8 m from home, 22.8 m up, mode RTH
sim:  57811 ms  roll    0.3 deg  pitch  -26.4 deg  motors 0.55 0.55 0.55 0.55
sim:  58002 ms  26.0 m from home, 22.8 m up, mode RTH
sim:  58811 ms  roll    0.1 deg  pitch  -26.5 deg  motors 0.57 0.57 0.57 0.57
sim:  59002 ms  22.3 m from home, 22.8 m up, mode RTH
sim:  59811 ms  roll    0.0 deg  pitch  -26.4 deg  motors 0.55 0.55 0.55 0.55
sim:  60002 ms  18.6 m from home, 22.8 m up, mode RTH
sim:  60811 ms  roll   -0.2 deg  pitch  -26.5 deg  motors 0.55 0.55 0.55 0.55
alive: 60811 ms, 59937 loops
sim:  61002 ms  14.8 m from home, 22.8 m up, mode RTH
sim:  61811 ms  roll   -0.3 deg  pitch  -26.4 deg  motors 0.37 0.37 0.37 0.37
sim:  62002 ms  11.1 m from home, 21.0 m up, mode RTH
sim:  62534 ms  started coming down 9.2 m from home, 19.3 m up
sim:  62534 ms  the barometer stops answering, 19.3 m up, 9.2 m from home
baro: 2 reads failed in a row - the height is coming from the gps
sim:  62811 ms  roll   -0.3 deg  pitch  -18.6 deg  motors 0.16 0.16 0.16 0.16
sim:  63002 ms  7.7 m from home, 17.6 m up, mode RTH
sim:  63811 ms  roll   -0.1 deg  pitch  -16.7 deg  motors 0.22 0.22 0.22 0.22
sim:  64002 ms  5.2 m from home, 14.1 m up, mode RTH
sim:  64811 ms  roll    0.2 deg  pitch  -15.1 deg  motors 0.24 0.24 0.24 0.24
sim:  65002 ms  3.5 m from home, 11.1 m up, mode RTH
sim:  65811 ms  roll    0.7 deg  pitch  -17.6 deg  motors 0.25 0.24 0.24 0.24
sim:  66002 ms  2.3 m from home, 8.1 m up, mode RTH
sim:  66811 ms  roll    1.5 deg  pitch  -25.2 deg  motors 0.38 0.37 0.37 0.37
sim:  67002 ms  1.3 m from home, 5.8 m up, mode RTH
sim:  67811 ms  roll    1.8 deg  pitch  -20.0 deg  motors 0.46 0.46 0.46 0.46
sim:  68002 ms  0.4 m from home, 4.4 m up, mode RTH
sim:  68811 ms  roll   -0.0 deg  pitch  -15.6 deg  motors 0.41 0.58 0.56 0.40
sim:  69002 ms  0.4 m from home, 3.7 m up, mode RTH
sim:  69327 ms  first down at the hover height: 1 m out, 3.5 m up
sim:  69811 ms  roll   -9.4 deg  pitch   -1.7 deg  motors 0.41 0.60 0.58 0.42
sim:  70002 ms  0.9 m from home, 3.2 m up, mode RTH
sim:  70811 ms  roll   -1.0 deg  pitch   10.6 deg  motors 0.42 0.60 0.62 0.43
alive: 70811 ms, 69926 loops
sim:  71002 ms  0.8 m from home, 2.8 m up, mode RTH
sim:  71811 ms  roll   14.7 deg  pitch    1.8 deg  motors 0.49 0.57 0.59 0.47
sim:  72002 ms  0.7 m from home, 2.5 m up, mode RTH
sim:  72811 ms  roll   12.8 deg  pitch  -14.5 deg  motors 0.47 0.50 0.51 0.46
sim:  73002 ms  0.5 m from home, 2.2 m up, mode RTH
sim:  73811 ms  roll    0.2 deg  pitch  -14.9 deg  motors 0.46 0.51 0.50 0.45
sim:  74002 ms  0.3 m from home, 1.6 m up, mode RTH
sim:  74811 ms  roll  -12.1 deg  pitch   -8.7 deg  motors 0.48 0.52 0.51 0.48
sim:  75002 ms  0.3 m from home, 1.0 m up, mode RTH
sim:  75811 ms  roll  -14.8 deg  pitch   -2.1 deg  motors 0.51 0.54 0.53 0.52
sim:  76003 ms  0.3 m from home, 0.6 m up, mode RTH
sim:  76811 ms  roll  -14.8 deg  pitch    2.3 deg  motors 0.53 0.54 0.54 0.53
sim:  77003 ms  0.5 m from home, 0.4 m up, mode RTH
arm:       refused - the receiver has gone quiet (1060 frames)
sim:  77713 ms  motors stopped at 0.3 m above home, 0.6 m from it
sim:  77811 ms  roll  -13.8 deg  pitch   -0.6 deg  motors 0.00 0.00 0.00 0.00
sim:  78003 ms  0.6 m from home, 0.0 m up, mode DISARM
sim:  78811 ms  roll  -13.8 deg  pitch   -0.6 deg  motors 0.00 0.00 0.00 0.00
sim:  79003 ms  0.6 m from home, 0.0 m up, mode DISARM
sim:  79328 ms  receiver back - has the pilot got it?
arm:       refused - the throttle is at 55 per cent, and arming wants 5
sim:  79811 ms  roll  -13.8 deg  pitch   -0.6 deg  motors 0.00 0.00 0.00 0.00
status
state:     disarmed
uptime:    80329 ms
loops:     79434
attitude:  roll -241 mrad, pitch -10 mrad, yaw 12802 mrad
attitude:  converged
motors:    0 0 0 0 per-mille
servos:    0 0 per-mille
arm:       refused - the throttle is at 55 per cent, and arming wants 5
params:    1 changed since the last save
fault:     none recorded
ak> sim:  80811 ms  roll  -13.8 deg  pitch   -0.6 deg  motors 0.00 0.00 0.00 0.00
alive: 80811 ms, 79915 loops
sim:  81811 ms  roll  -13.8 deg  pitch   -0.6 deg  motors 0.00 0.00 0.00 0.00
sim:  82811 ms  roll  -13.8 deg  pitch   -0.6 deg  motors 0.00 0.00 0.00 0.00
log flash
# aerialkit blackbox (flash), 412 records in 4 sectors
# oldest first; this one outlives the battery
# units: gyro 0.1 dps, accel 0.001 g, attitude 0.1 deg, alt mm above the take-off reference, sticks per-mille, torque percent, motor 0..254
time_ms,gyro_x,gyro_y,gyro_z,accel_x,accel_y,accel_z,roll,pitch,yaw,alt_mm,stick_roll,stick_pitch,stick_yaw,stick_throttle,torque_roll,torque_pitch,torque_yaw,1011,0,0,0,0,0,1000,0,0,0,0,0,0,0,0,0,0,0,0,0,0,0,0,7,521234567,49876543
1211,0,0,0,0,0,1000,0,0,0,0,0,0,0,0,0,0,0,0,0,0,0,0,7,521234567,49876543
1411,0,0,0,0,0,1000,0,0,0,0,0,0,0,0,0,0,0,0,0,0,0,0,7,521234567,49876543
1611,0,0,0,0,0,1000,0,0,0,0,0,0,0,0,0,0,0,0,0,0,0,0,7,521234567,49876543
1812,0,0,0,0,0,1000,0,0,0,0,0,0,0,0,0,0,0,0,0,0,0,0,7,521234567,49876543
2012,0,0,0,0,0,1000,0,0,0,0,0,0,0,0,0,0,0,0,0,0,0,0,7,521234567,49876543
2212,0,0,0,0,0,1000,0,0,0,0,0,0,0,0,0,0,0,0,0,0,0,0,7,521234567,49876543
2412,0,0,0,0,0,1000,0,0,0,0,0,0,0,0,0,0,0,0,0,0,0,0,7,521234567,49876543
2612,0,0,0,0,0,1000,0,0,0,0,0,0,0,0,0,0,0,0,0,0,0,0,7,521234567,49876543
2813,0,0,0,0,0,1000,0,0,0,0,0,0,0,0,0,0,0,0,0,0,0,0,7,521234567,49876543
3013,0,0,0,0,0,1000,0,0,0,0,0,0,0,0,0,0,0,13,13,13,13,1,7,521234567,49876543
3213,0,0,0,0,0,1000,0,0,0,0,0,0,0,0,0,0,0,13,13,13,13,1,7,521234567,49876543
3413,0,0,0,0,0,1000,0,0,0,0,0,0,0,0,0,0,0,13,13,13,13,1,7,521234567,49876543
3613,0,0,0,0,0,1000,0,0,0,0,0,0,0,0,0,0,0,13,13,13,13,1,7,521234567,49876543
3814,0,0,0,0,0,1000,0,0,0,0,0,0,0,0,0,0,0,13,13,13,13,1,7,521234567,49876543
4014,0,0,0,0,0,1000,0,0,0,0,0,0,0,579,0,0,0,147,147,147,147,1,7,521234567,49876543
4214,0,0,0,0,0,1000,0,0,1,0,0,0,0,579,0,0,0,147,147,147,147,1,7,521234567,49876689
4414,0,0,0,0,0,1000,0,0,59,34,0,0,0,579,0,0,0,147,147,147,147,1,7,521234567,49876835
4615,0,0,0,0,0,1000,0,0,113,99,0,0,0,579,0,0,0,147,147,147,147,1,7,521234567,49876981
4815,0,0,0,0,0,1000,0,0,164,165,0,0,0,579,0,0,0,147,147,147,147,1,7,521234567,49877127
5015,0,0,0,0,0,1000,0,0,211,297,0,0,0,579,0,0,0,147,147,147,147,1,7,521234567,49877273
5215,0,0,0,0,0,1000,0,0,255,396,0,0,0,579,0,0,0,147,147,147,147,1,7,521234567,49877420
5415,0,0,0,0,0,1000,0,0,297,527,0,0,0,579,0,0,0,147,147,147,147,1,7,521234567,49877566
5616,0,0,0,0,0,1000,0,0,336,691,0,0,0,579,0,0,0,147,147,147,147,1,7,521234567,49877712
5816,0,0,0,0,0,1000,0,0,372,822,0,0,0,579,0,0,0,147,147,147,147,1,7,521234567,49877858
6016,0,0,0,0,0,1000,0,0,406,1019,0,0,0,579,0,0,0,147,147,147,147,1,7,521234567,49878004
6216,0,0,0,0,0,1000,0,0,438,1217,0,0,0,579,0,0,0,147,147,147,147,1,7,521234567,49878151
6416,0,0,0,0,0,1000,0,0,468,1381,0,0,0,579,0,0,0,147,147,147,147,1,7,521234567,49878297
6617,0,0,0,0,0,1000,0,0,496,1577,0,0,0,579,0,0,0,147,147,147,147,1,7,521234567,49878442
6817,0,0,0,0,0,1000,0,0,522,1807,0,0,0,579,0,0,0,147,147,147,147,1,7,521234567,49878589
7017,0,-237,0,1,0,999,0,-1,546,2003,0,-300,0,579,0,-5,0,162,132,162,132,1,7,521234567,49878735
7217,0,-203,0,124,0,991,0,-71,569,2234,0,-300,0,579,0,0,0,149,145,149,145,1,7,521234567,49878883
7418,0,-61,0,165,0,985,0,-95,590,2464,0,-300,0,579,0,0,0,148,147,148,147,1,7,521234567,49879036
7618,0,-18,0,178,0,983,0,-102,610,2661,0,-300,0,579,0,0,0,148,147,148,147,1,7,521234567,49879198
7818,0,-5,0,182,0,982,0,-104,629,2923,0,-300,0,579,0,0,0,147,147,147,147,1,7,521234567,49879368
8018,0,-1,0,183,0,982,0,-105,646,3154,0,-300,0,579,0,0,0,147,147,147,147,1,7,521234567,49879546
8218,0,0,0,183,0,982,0,-105,663,3384,0,-300,0,579,0,0,0,147,147,147,147,1,7,521234567,49879731
8419,0,0,0,183,0,982,0,-105,678,3646,0,-300,0,579,0,0,0,147,147,147,147,1,7,521234567,49879921
8619,0,0,0,183,0,982,0,-105,692,3909,0,-300,0,579,0,0,0,147,147,147,147,1,7,521234567,49880118
8819,0,0,0,183,0,982,0,-105,706,4139,0,-300,0,579,0,0,0,147,147,147,147,1,7,521234567,49880320
9019,0,0,0,182,0,982,0,-105,718,4402,0,-300,0,579,0,0,0,147,147,147,147,1,7,521234567,49880527
9219,0,0,0,182,0,982,0,-105,730,4664,0,-300,0,579,0,0,0,147,147,147,147,1,7,521234567,49880738
9420,0,0,0,182,0,982,0,-105,741,4894,0,-300,0,579,0,0,0,147,147,147,147,1,7,521234567,49880952
9620,0,0,0,182,0,982,0,-105,751,5190,0,-300,0,579,0,0,0,148,147,147,147,1,7,521234567,49881171
9820,0,0,0,182,0,982,0,-105,761,5453,0,-300,0,579,0,0,0,147,147,147,147,1,7,521234567,49881392
10020,0,0,0,182,0,982,0,-105,770,5683,0,-300,0,579,0,0,0,147,147,147,147,1,7,521234567,49881616
10221,0,0,0,182,0,982,0,-105,778,5978,0,-300,0,579,0,0,0,147,147,147,147,1,7,521234567,49881842
10421,0,0,0,182,0,982,0,-105,786,6242,0,-300,0,579,0,0,0,147,147,147,147,1,7,521234567,49882071
10621,0,0,0,182,0,982,0,-105,793,6504,0,-300,0,579,0,0,0,147,147,147,147,1,7,521234567,49882303
10821,0,0,0,182,0,982,0,-105,800,6766,0,-300,0,579,0,0,0,147,147,147,147,1,7,521234567,49882536
11021,0,0,0,182,0,982,0,-105,806,7063,0,-300,0,579,0,0,0,147,147,147,147,1,7,521234566,49882771
11222,0,0,0,182,0,982,0,-105,813,7358,0,-300,0,579,0,0,0,147,147,147,147,1,7,521234566,49883006
11422,0,0,0,182,0,982,0,-105,818,7588,0,-300,0,579,0,0,0,147,147,147,147,1,7,521234566,49883244
11622,0,0,0,182,0,982,0,-105,823,7883,0,-300,0,579,0,0,0,147,147,148,147,1,7,521234566,49883483
11822,0,0,0,182,0,982,0,-105,828,8180,0,-300,0,579,0,0,0,147,147,147,147,1,7,521234566,49883723
12022,0,0,0,182,0,982,0,-105,833,8410,0,-300,0,579,0,0,0,147,147,147,147,1,7,521234566,49883964
12223,0,0,0,182,0,982,0,-105,837,8705,0,-300,0,579,0,0,0,147,147,147,147,1,7,521234566,49884205
12423,0,0,0,182,0,982,0,-105,841,9001,0,-300,0,579,0,0,0,147,147,147,147,1,7,521234566,49884448
12623,0,0,0,182,0,982,0,-105,845,9232,0,-300,0,579,0,0,0,147,147,147,147,1,7,521234566,49884692
12823,0,0,0,182,0,982,0,-104,849,9527,0,-300,0,579,0,0,0,147,147,147,147,1,7,521234565,49884937
13023,0,0,0,182,0,982,0,-104,852,9822,0,-300,0,579,0,0,0,147,147,147,147,1,7,521234565,49885182
13224,0,0,0,182,0,982,0,-104,855,10085,0,-300,0,579,0,0,0,147,147,147,147,1,7,521234565,49885426
13424,0,0,0,182,0,982,0,-104,858,10348,0,-300,0,579,0,0,0,147,147,147,147,1,7,521234565,49885673
13624,0,0,0,182,0,982,0,-105,861,10644,0,-300,0,579,0,0,0,147,147,147,147,1,7,521234565,49885919
13824,0,0,0,182,0,982,0,-105,863,10906,0,-300,0,579,0,0,0,147,147,147,147,1,7,521234565,49886166
14025,0,0,0,182,0,982,0,-105,866,11202,0,-300,0,579,0,0,0,147,147,147,147,1,7,521234565,49886413
14225,0,0,0,182,0,982,0,-105,868,11498,0,-300,0,579,0,0,0,147,147,147,147,1,7,521234565,49886660
14425,0,0,0,182,0,982,0,-104,870,11728,0,-300,0,579,0,0,0,147,147,147,147,1,7,521234565,49886909
14625,0,0,0,182,0,982,0,-104,872,12024,0,-300,0,579,0,0,0,147,147,147,147,1,7,521234565,49887157
14825,0,0,0,182,0,982,0,-104,874,12319,0,-300,0,579,0,0,0,147,147,147,147,1,7,521234565,49887406
15026,0,0,0,182,0,982,0,-104,875,12582,0,-300,0,579,0,0,0,147,147,147,147,1,7,521234565,49887653
15226,0,0,0,182,0,982,0,-104,877,12845,0,-300,0,579,0,0,0,147,147,147,147,1,7,521234565,49887902
15426,0,0,0,182,0,982,0,-104,878,13140,0,-300,0,579,0,0,0,147,147,147,147,1,7,521234564,49888152
15626,0,0,0,182,0,982,0,-104,880,13404,0,-300,0,579,0,0,0,147,148,147,147,1,7,521234564,49888401
15826,0,0,0,182,0,982,0,-105,881,13699,0,-300,0,579,0,0,0,147,147,147,147,1,7,521234564,49888651
16027,0,0,0,182,0,982,0,-105,882,13994,0,-300,0,579,0,0,0,147,147,147,147,1,7,521234564,49888899
16227,0,0,0,182,0,982,0,-105,883,14224,0,-300,0,579,0,0,0,147,147,147,147,1,7,521234564,49889149
16427,0,0,0,182,0,982,0,-105,884,14521,0,-300,0,579,0,0,0,147,147,147,147,1,7,521234564,49889399
16627,0,0,0,182,0,982,0,-105,885,14816,0,-300,0,579,0,0,0,147,147,147,147,1,7,521234564,49889649
16828,0,0,0,182,0,982,0,-104,886,15078,0,-300,0,579,0,0,0,147,147,147,147,1,7,521234564,49889898
17028,0,0,0,182,0,982,0,-104,887,15375,0,-300,0,579,0,0,0,147,147,147,147,1,7,521234564,49890149
17228,0,0,0,182,0,982,0,-104,888,15671,0,-300,0,579,0,0,0,147,147,147,147,1,7,521234564,49890399
17428,0,0,0,182,0,982,0,-104,889,15901,0,-300,0,579,0,0,0,147,147,147,147,1,7,521234564,49890649
17628,0,0,0,182,0,982,0,-104,889,16196,0,-300,0,579,0,0,0,147,147,147,147,1,7,521234564,49890900
17829,0,0,0,182,0,982,0,-104,890,16492,0,-300,0,579,0,0,0,147,147,147,147,1,7,521234563,49891149
18029,0,0,0,182,0,982,0,-104,891,16755,0,-300,0,579,0,0,0,147,147,147,147,1,7,521234563,49891400
18229,0,0,0,182,0,982,0,-104,891,17050,0,-300,0,579,0,0,0,147,147,147,147,1,7,521234563,49891650
18429,0,0,0,182,0,982,0,-105,892,17347,0,-300,0,579,0,0,0,147,147,147,147,1,7,521234563,49891901
18629,0,0,0,182,0,982,0,-105,892,17577,0,-300,0,579,0,0,0,147,147,147,147,1,7,521234563,49892152
18830,0,0,0,182,0,982,0,-105,893,17873,0,-300,0,579,0,0,0,147,147,147,147,1,7,521234563,49892401
19030,0,0,0,182,0,982,0,-105,893,18168,0,-300,0,579,0,0,0,147,147,147,147,1,7,521234563,49892652
19230,0,0,0,182,0,982,0,-104,894,18431,0,-300,0,579,0,0,0,147,147,147,147,1,7,521234563,49892903
19430,0,0,0,182,0,982,0,-104,894,18728,0,-300,0,579,0,0,0,147,147,147,147,1,7,521234563,49893154
19631,0,0,0,182,0,982,0,-104,895,19023,0,-300,0,579,0,0,0,147,147,147,147,1,7,521234562,49893403
19831,0,0,0,182,0,982,0,-104,895,19252,0,-300,0,579,0,0,0,147,147,147,147,1,7,521234562,49893654
20031,0,0,0,182,0,982,0,-104,895,19549,0,-300,0,579,0,0,0,147,147,147,147,1,7,521234562,49893905
20231,0,0,0,182,0,982,0,-104,896,19845,0,-300,0,579,0,0,0,147,147,147,147,1,7,521234562,49894156
20431,0,0,0,182,0,982,0,-104,896,20107,0,-300,0,579,0,0,0,147,147,147,147,1,7,521234562,49894407
20632,0,0,0,182,0,982,0,-105,896,20404,0,-300,0,579,0,0,0,147,147,147,147,1,7,521234562,49894657
20832,0,0,0,182,0,982,0,-105,896,20700,0,-300,0,579,0,0,0,147,147,147,147,1,7,521234562,49894908
21032,0,0,0,182,0,982,0,-105,897,20995,0,-300,0,579,0,0,0,147,147,147,147,1,7,521234562,49895159
21232,0,0,0,182,0,982,0,-105,897,21225,0,-300,0,579,0,0,0,147,147,147,147,1,7,521234561,49895410
21432,0,0,0,182,0,982,0,-104,897,21522,0,-300,0,579,0,0,0,147,147,147,147,1,7,521234561,49895661
21633,0,0,0,182,0,982,0,-104,897,21817,0,-300,0,579,0,0,0,147,147,147,147,1,7,521234561,49895910
21833,0,0,0,182,0,982,0,-104,897,22080,0,-300,0,579,0,0,0,147,147,147,147,1,7,521234561,49896161
22033,0,0,0,182,0,982,0,-104,898,22376,0,-300,0,579,0,0,0,147,147,147,147,1,7,521234561,49896412
22233,0,0,0,182,0,982,0,-104,898,22640,0,-300,0,579,0,0,0,147,147,147,147,1,7,521234561,49896663
22434,198,826,-555,-258,31,965,18,151,1011,22869,0,-300,0,579,0,2,-19,149,65,55,166,3,7,521234561,49896911
22634,-178,265,619,-422,25,905,15,250,881,23033,0,-300,0,579,0,0,15,80,164,157,81,3,7,521234561,49897138
22834,184,60,-613,-469,35,881,21,280,1007,23099,0,-300,0,579,0,0,-15,161,82,84,165,3,7,521234561,49897336
23034,-191,27,-748,-484,25,874,16,290,857,23132,0,-300,0,579,-1,0,-8,150,108,101,145,3,7,521234561,49897504
23234,-340,-54,614,-481,-67,873,-38,288,734,23132,0,-300,0,579,-1,0,15,95,171,166,87,3,7,521234561,49897643
23435,157,31,742,-481,-89,872,-53,288,888,23132,0,-300,0,579,0,0,8,106,148,153,111,3,7,521234559,49897756
23635,378,-22,-638,-487,0,873,-2,291,1013,23099,0,-300,0,579,1,0,-14,167,95,102,174,3,7,521234560,49897846
23835,-111,12,-747,-487,34,872,19,292,865,23065,0,-300,0,579,0,0,-8,158,116,112,155,3,7,521234562,49897916
24035,-349,-53,633,-485,-44,873,-26,290,737,22999,0,-300,0,579,-1,0,14,105,174,170,96,3,7,521234564,49897966
24235,145,22,743,-483,-72,872,-44,289,883,22966,0,-300,0,579,1,0,8,113,156,160,119,3,7,521234562,49897999
24436,311,-17,755,-485,13,873,5,290,1034,22933,0,-300,0,579,1,0,8,113,155,164,119,3,7,521234562,49898016
24636,351,-106,766,-467,129,875,74,279,1186,22900,0,-300,0,579,1,0,8,114,155,165,119,3,7,521234566,49898020
24836,329,-207,776,-420,245,879,146,248,1341,22866,0,-300,0,579,1,-1,8,116,155,168,118,3,7,521234572,49898011
25036,428,-553,-603,-332,349,883,211,193,1475,22866,0,-300,0,579,2,-2,-14,173,87,113,169,3,7,521234582,49897992
25236,39,37,-720,-250,424,876,258,144,1333,22834,0,-300,0,579,0,0,-8,159,122,117,161,3,7,521234593,49897962
25437,-299,301,-450,-304,396,873,241,176,1193,22834,0,-300,0,579,-1,1,-4,148,133,117,147,3,7,521234600,49897923
25637,-393,245,272,-387,300,878,184,226,1117,22801,0,-300,0,579,-1,1,4,127,156,141,122,3,7,521234600,49897876
25837,-112,70,467,-429,229,878,143,253,1180,22800,0,-300,0,579,0,0,5,123,153,150,123,3,7,521234596,49897822
26037,127,-79,288,-429,233,877,147,252,1272,22800,0,-300,0,579,0,0,2,129,141,146,130,3,7,521234592,49897761
26238,172,-139,53,-399,278,879,174,234,1324,22800,0,-300,0,579,0,0,0,136,133,140,136,3,7,521234590,49897693
26438,100,-88,-68,-367,318,881,198,214,1331,22800,0,-300,0,579,0,0,-1,139,132,136,139,3,7,521234590,49897619
26638,20,-15,-71,-352,335,880,209,205,1316,22767,0,-300,0,579,0,0,0,143,139,139,143,3,7,521234592,49897539
26838,-28,28,-18,-353,336,880,209,205,1303,22767,0,-300,0,579,0,0,0,138,138,137,138,3,7,521234592,49897454
27038,-18,15,29,-360,328,880,204,210,1313,22799,0,-300,0,579,0,0,0,132,134,134,132,3,7,521234592,49897365
27239,87,-100,68,-341,346,881,215,198,1409,22766,0,-300,0,579,0,0,0,139,141,146,139,3,7,521234591,49897272
27439,96,-132,159,-295,380,882,235,170,1506,22799,0,-300,0,579,0,0,1,129,136,140,128,3,7,521234590,49897175
27639,81,-122,314,-240,414,882,255,137,1616,22766,0,-300,0,579,0,0,3,132,148,153,131,3,7,521234585,49897074
27839,70,-139,495,-178,442,881,271,102,1748,22799,0,-300,0,579,0,0,5,119,146,150,118,3,7,521234578,49896972
28039,56,-177,661,-104,465,879,284,59,-1695,22799,0,-300,0,579,0,0,7,118,153,159,116,3,7,521234567,49896868
28240,24,-254,771,-12,478,877,290,6,-1518,22766,0,-300,0,579,0,-1,8,122,161,167,117,3,7,521234555,49896763
28440,-39,-298,782,99,471,876,284,-57,-1336,22799,0,-300,0,579,0,-1,8,115,152,158,106,3,7,521234539,49896656
28640,-110,-282,791,211,441,876,265,-122,-1165,22765,0,-300,0,579,0,-1,8,123,162,166,115,3,7,521234522,49896547
28840,-192,-243,798,309,387,876,233,-179,-1003,22798,0,-300,0,579,0,0,8,115,156,156,105,3,7,521234505,49896436
29041,-263,-182,806,385,308,877,186,-226,-849,22765,0,-300,0,579,-1,0,9,123,165,163,113,3,7,521234488,49896323
29241,-312,-111,801,437,208,878,129,-258,-705,22798,0,-300,0,579,-1,0,8,115,158,153,106,3,7,521234472,49896207
29441,-332,-32,706,463,96,881,65,-275,-572,22764,0,-300,0,579,-1,0,7,122,160,154,114,3,7,521234458,49896090
29641,-297,40,601,466,-9,884,1,-277,-465,22797,0,-300,0,579,-1,0,6,119,154,146,114,3,7,521234447,49895972
29841,-232,82,498,450,-98,888,-52,-267,-384,22797,0,-300,0,579,0,0,5,124,154,147,121,3,7,521234437,49895853
30042,-172,100,393,425,-163,892,-94,-251,-328,22763,0,-300,0,579,0,0,4,131,156,149,130,3,7,521234430,49895736
30242,-124,102,285,398,-208,896,-123,-234,-294,22796,0,-300,0,579,0,0,3,129,147,142,129,3,7,521234426,49895618
30442,-92,93,174,373,-238,900,-143,-218,-283,22763,0,-300,0,579,0,0,1,137,148,144,137,3,7,521234423,49895500
30642,-60,60,71,353,-256,903,-156,-206,-292,22796,0,-300,0,579,0,0,0,131,136,134,132,3,7,521234423,49895384
30842,-36,34,-21,344,-265,904,-161,-200,-320,22796,0,-300,0,579,0,0,0,137,136,135,138,3,7,521234425,49895269
31043,-7,0,-100,342,-266,905,-162,-199,-363,22763,0,-300,0,579,0,0,-1,145,139,138,144,3,7,521234428,49895156
31243,18,-25,-165,351,-257,904,-157,-204,-417,22796,0,-300,0,579,0,0,-1,141,131,132,141,3,7,521234433,49895043
31443,49,-46,-218,365,-239,903,-147,-213,-480,22762,0,-300,0,579,0,0,-2,147,133,137,148,3,7,521234438,49894932
31643,69,-50,-261,383,-213,901,-132,-224,-547,22795,0,-300,0,579,0,0,-2,141,124,127,141,3,7,521234445,49894821
31844,89,-49,-296,401,-180,900,-113,-236,-619,22795,0,-300,0,579,0,0,-3,145,126,130,146,3,7,521234452,49894710
32044,101,-43,-322,417,-142,898,-91,-246,-692,22762,0,-300,0,579,0,0,-3,150,130,134,152,3,7,521234459,49894601
32244,121,-36,-335,431,-100,897,-66,-254,-764,22795,0,-300,0,579,0,0,-3,142,122,125,143,3,7,521234466,49894491
32444,122,-21,-339,440,-54,895,-38,-260,-835,22794,0,-300,0,579,0,0,-3,145,126,128,147,3,7,521234474,49894382
32644,126,-6,-330,444,-9,895,-10,-263,-901,22761,0,-300,0,579,0,0,-3,150,130,134,152,3,7,521234481,49894272
32845,118,7,-311,444,34,894,16,-263,-961,22794,0,-300,0,579,0,0,-3,140,123,125,143,3,7,521234488,49894164
33045,114,21,-281,440,75,895,42,-261,-1013,22794,0,-300,0,579,0,0,-3,143,127,130,146,3,7,521234494,49894054
33245,106,30,-241,432,111,895,65,-256,-1056,22761,0,-300,0,579,0,0,-2,147,134,135,150,3,7,521234499,49893945
33445,89,34,-196,422,144,896,86,-250,-1089,22794,0,-300,0,579,0,0,-2,137,127,128,140,3,7,521234503,49893835
33645,69,31,-150,413,168,896,102,-243,-1112,22793,0,-300,0,579,0,0,-1,140,132,133,142,3,7,521234507,49893725
33846,56,28,-102,404,187,897,114,-238,-1124,22794,0,-300,0,579,0,0,-1,136,130,131,137,3,7,521234509,49893616
34046,37,18,-56,398,200,897,123,-234,-1127,22793,0,-300,0,579,0,0,0,137,135,135,139,3,7,521234511,49893507
34246,23,10,-12,395,207,898,128,-232,-1122,22760,0,-300,0,579,0,0,0,141,141,141,142,3,7,521234512,49893397
34446,11,2,26,394,209,897,130,-231,-1108,22793,0,-300,0,579,0,0,0,132,134,134,133,3,7,521234511,49893287
34647,-7,-6,59,395,208,897,129,-232,-1089,22793,0,-300,0,579,0,0,0,135,138,139,135,3,7,521234511,49893178
34847,-20,-12,87,400,200,897,125,-235,-1065,22760,0,-300,0,579,0,0,1,139,144,144,138,3,7,521234509,49893068
35047,-31,-17,110,406,188,896,119,-239,-1037,22793,0,-300,0,579,0,0,1,134,140,139,133,3,7,521234508,49892959
35247,-35,-18,129,413,174,896,110,-243,-1007,22760,0,-300,0,579,0,0,1,139,146,144,136,3,7,521234505,49892848
35447,-47,-19,142,419,158,895,101,-247,-976,22793,0,-300,0,579,0,0,1,130,137,137,128,3,7,521234503,49892738
35648,-51,-18,149,426,139,895,89,-251,-944,22792,0,-300,0,579,0,0,1,133,141,141,132,3,7,521234501,49892629
35848,-54,-16,151,432,120,894,78,-255,-914,22759,0,-300,0,579,0,0,1,138,146,145,136,3,7,521234498,49892518
36048,-60,-12,146,437,100,894,65,-258,-885,22792,0,-300,0,579,0,0,1,130,138,136,128,3,7,521234496,49892408
36248,-53,-9,139,441,79,894,53,-261,-859,22792,0,-300,0,579,0,0,1,134,141,140,132,3,7,521234493,49892297
36448,-49,-6,128,444,61,894,42,-263,-836,22759,0,-300,0,579,0,0,1,138,146,145,138,3,7,521234491,49892186
36649,-50,-2,111,445,44,894,31,-264,-817,22792,0,-300,0,579,0,0,1,131,136,136,129,3,7,521234490,49892076
36849,-45,0,92,446,29,894,21,-265,-802,22792,0,-300,0,579,0,0,1,135,140,139,133,3,7,521234488,49891965
37049,-35,0,73,446,16,894,13,-265,-791,22759,0,-300,0,579,0,0,0,140,144,143,140,3,7,521234488,49891855
37249,-27,1,53,446,6,894,6,-265,-785,22792,0,-300,0,579,0,0,0,135,138,138,135,3,7,521234487,49891744
37449,-23,1,31,445,0,894,1,-264,-783,22791,0,-300,0,579,0,0,0,136,138,137,136,3,7,521234487,49891633
37650,-16,1,11,445,-4,895,-1,-264,-785,22758,0,-300,0,579,0,0,0,141,142,142,141,3,7,521234487,49891523
37850,-4,0,-4,444,-6,895,-3,-264,-790,22791,0,-300,0,579,0,0,0,137,137,136,137,3,7,521234488,49891413
38050,1,0,-20,444,-5,895,-3,-264,-798,22791,0,-300,0,579,0,0,0,137,136,136,137,3,7,521234489,49891302
38250,7,0,-32,445,-2,895,-1,-264,-809,22758,0,-300,0,579,0,0,0,142,140,141,143,3,7,521234490,49891192
38451,8,0,-45,445,1,895,1,-264,-821,22791,0,-300,0,579,0,0,0,134,132,131,134,3,7,521234492,49891082
38651,14,0,-54,444,7,895,4,-264,-834,22791,0,-300,0,579,0,0,0,138,135,135,138,3,7,521234494,49890972
38851,17,0,-59,444,14,895,8,-264,-848,22758,0,-300,0,579,0,0,0,143,140,140,144,3,7,521234495,49890862
39051,24,0,-61,444,21,895,13,-264,-862,22791,0,-300,0,579,0,0,0,138,135,135,139,3,7,521234497,49890752
39251,17,0,-62,443,30,895,18,-263,-876,22790,0,-300,0,579,0,0,0,138,135,135,139,3,7,521234499,49890643
39452,25,1,-58,443,38,895,23,-263,-888,22791,0,-300,0,579,0,0,0,139,135,136,140,3,7,521234501,49890533
39652,21,1,-54,442,46,895,28,-263,-899,22790,0,-300,0,579,0,0,0,138,135,135,138,3,7,521234502,49890423
39852,17,1,-49,442,54,895,33,-262,-909,22790,0,-300,0,579,0,0,0,138,135,136,138,3,7,521234504,49890314
40052,18,1,-40,441,60,895,37,-262,-917,22757,0,-300,0,579,0,0,0,142,140,141,143,3,7,521234505,49890204
40252,14,2,-32,440,65,895,41,-261,-923,22790,0,-300,0,579,0,0,0,134,132,132,134,3,7,521234506,49890094
40453,12,1,-23,439,70,895,43,-261,-927,22790,0,-300,0,579,0,0,0,138,136,136,137,3,7,521234507,49889985
40653,9,1,-15,439,74,895,46,-260,-929,22757,0,-300,0,579,0,0,0,142,141,141,142,3,7,521234508,49889875
40853,0,0,-7,439,75,895,47,-260,-929,22790,0,-300,0,579,0,0,0,133,133,133,133,3,7,521234509,49889765
41053,6,0,1,439,76,895,48,-260,-928,22790,0,-300,0,579,0,0,0,137,137,137,137,3,7,521234509,49889655
41254,-4,0,8,439,76,895,48,-260,-926,22790,0,-300,0,579,0,0,0,141,142,142,141,3,7,521234510,49889545
41454,-1,0,15,439,74,895,47,-260,-922,22790,0,-300,0,579,0,0,0,136,137,137,136,3,7,521234510,49889436
41654,-6,0,21,440,72,895,46,-261,-917,22789,0,-300,0,579,0,0,0,136,137,137,136,3,7,521234510,49889326
41854,-7,-1,25,440,69,895,44,-261,-912,22756,0,-300,0,579,0,0,0,141,142,142,140,3,7,521234510,49889216
42054,-7,-1,29,441,66,895,42,-261,-906,22789,0,-300,0,579,0,0,0,132,134,134,132,3,7,521234510,49889106
42255,-13,-1,31,441,62,895,40,-262,-899,22789,0,-300,0,579,0,0,0,136,138,138,136,3,7,521234510,49888997
42455,-10,0,31,442,58,895,37,-262,-893,22756,0,-300,0,579,0,0,0,141,142,142,140,3,7,521234510,49888887
42655,-8,-1,31,442,54,895,35,-262,-888,22789,0,-300,0,579,0,0,0,132,134,134,132,3,7,521234509,49888777
42855,-14,-1,28,443,50,895,32,-263,-882,22789,0,-300,0,579,0,0,0,136,138,137,136,3,7,521234509,49888668
43055,-10,0,25,443,45,895,30,-263,-878,22756,0,-300,0,579,0,0,0,141,143,142,141,3,7,521234509,49888558
43256,-16,0,20,443,41,895,27,-263,-875,22789,0,-300,0,579,0,0,0,132,134,133,132,3,7,521234510,49888448
43456,-5,0,18,444,38,895,25,-263,-872,22789,0,-300,0,579,0,0,0,136,137,137,136,3,7,521234510,49888339
43656,-7,0,16,444,36,895,23,-263,-870,22755,0,-300,0,579,0,0,0,141,142,142,141,3,7,521234510,49888229
43856,-7,0,12,444,34,895,22,-263,-869,22788,0,-300,0,579,0,0,0,133,134,134,133,3,7,521234510,49888119
44057,-6,0,9,444,31,895,20,-263,-868,22788,0,-300,0,579,0,0,0,136,137,137,136,3,7,521234511,49888009
44257,0,0,7,444,30,895,20,-263,-868,22788,0,-300,0,579,0,0,0,136,137,137,137,3,7,521234511,49887900
44457,-3,0,3,444,30,895,19,-263,-869,22754,0,-300,0,579,0,0,0,141,142,141,141,3,7,521234511,49887790
44657,-3,0,-1,444,30,895,19,-263,-870,22788,0,-300,0,579,0,0,0,133,133,133,134,3,7,521234512,49887680
44857,-5,0,-6,444,29,895,19,-263,-872,22787,0,-300,0,579,0,0,0,137,137,137,137,3,7,521234513,49887570
45058,6,0,-6,444,29,895,18,-263,-875,22787,0,-300,0,579,0,0,0,137,137,136,137,3,7,521234513,49887461
45258,0,0,-7,444,31,895,19,-263,-877,22754,0,-300,0,579,0,0,0,142,141,141,142,3,7,521234514,49887351
45458,1,0,-8,444,31,895,20,-263,-880,22787,0,-300,0,579,0,0,0,134,133,133,133,3,7,521234515,49887241
45658,-1,0,-9,443,32,895,20,-263,-882,22787,0,-300,0,579,0,0,0,137,136,136,137,3,7,521234516,49887132
45858,7,0,-7,443,33,895,21,-263,-885,22753,0,-300,0,579,0,0,0,141,141,141,142,3,7,521234516,49887022
46059,0,0,-6,444,35,895,22,-263,-887,22786,0,-300,0,579,0,0,0,134,133,133,133,3,7,521234517,49886913
46259,1,0,-6,444,36,895,22,-263,-889,22786,0,-300,0,579,0,0,0,137,137,137,137,3,7,521234518,49886803
46459,4,1,-4,443,36,895,23,-263,-890,22786,0,-300,0,579,0,0,0,137,136,137,137,3,7,521234518,49886694
46659,0,0,-4,443,38,895,23,-263,-891,22753,0,-300,0,579,0,0,0,142,142,141,141,3,7,521234519,49886584
46859,2,0,-3,443,38,895,24,-263,-892,22786,0,-300,0,579,0,0,0,133,133,133,133,3,7,521234519,49886474
47060,-3,0,-2,443,38,895,24,-263,-893,22786,0,-300,0,579,0,0,0,137,137,137,137,3,7,521234520,49886365
47260,-1,0,0,443,38,895,24,-263,-893,22786,0,-300,0,579,0,0,0,137,137,137,137,3,7,521234521,49886256
47460,1,0,1,443,38,895,24,-263,-893,22786,0,-300,0,579,0,0,0,138,137,138,137,3,7,521234521,49886146
47660,0,0,4,443,38,895,24,-263,-893,22786,0,-300,0,579,0,0,0,137,137,137,136,3,7,521234522,49886037
47861,-1,0,5,443,37,895,24,-263,-892,22786,0,-300,0,579,0,0,0,137,137,136,136,3,7,521234522,49885927
48061,-1,0,7,444,36,895,23,-263,-891,22752,0,-300,0,579,0,0,0,141,141,142,141,3,7,521234522,49885818
48261,-4,0,7,444,35,895,23,-263,-890,22785,0,-300,0,579,0,0,0,133,134,134,133,3,7,521234523,49885708
48461,-1,0,8,444,34,895,22,-263,-889,22785,0,-300,0,579,0,0,0,137,137,137,136,3,7,521234523,49885599
48661,-7,0,7,444,33,895,21,-263,-888,22785,0,-300,0,579,0,0,0,137,137,137,136,3,7,521234524,49885489
48862,-2,0,8,444,31,895,20,-263,-887,22785,0,-300,0,579,0,0,0,137,137,137,137,3,7,521234524,49885380
49062,1,0,9,444,30,895,20,-263,-886,22785,0,-300,0,579,0,0,0,137,138,138,137,3,7,521234524,49885270
49262,-6,0,7,444,30,895,19,-263,-885,22784,0,-300,0,579,0,0,0,137,137,137,136,3,7,521234525,49885161
49462,-3,0,6,444,28,895,18,-263,-884,22784,0,-300,0,579,0,0,0,137,137,137,137,3,7,521234525,49885051
49662,-7,0,4,444,27,895,17,-263,-884,22785,0,-300,0,579,0,0,0,141,142,141,141,3,7,521234526,49884941
49863,0,0,6,444,25,895,16,-263,-883,22784,0,-300,0,579,0,0,0,137,137,137,137,3,7,521234526,49884832
50063,-3,0,6,444,25,895,16,-264,-883,22784,0,-300,0,579,0,0,0,137,137,137,137,3,7,521234526,49884723
50263,-3,0,4,444,24,895,16,-264,-883,22784,0,-300,0,579,0,0,0,137,138,137,137,3,7,521234527,49884613
50463,-3,0,3,444,23,895,15,-264,-883,22784,0,-300,0,579,0,0,0,137,137,137,137,3,7,521234527,49884504
50664,-1,0,3,444,23,895,15,-264,-883,22784,0,-300,0,579,0,0,0,137,137,137,137,3,7,521234528,49884394
50864,-1,0,2,444,22,895,14,-264,-883,22784,0,-300,0,579,0,0,0,137,138,138,137,3,7,521234528,49884285
51064,-1,0,2,444,22,895,14,-264,-883,22784,0,-300,0,579,0,0,0,137,137,137,137,3,7,521234529,49884175
51264,0,0,2,444,21,895,14,-264,-884,22784,0,-300,0,579,0,0,0,137,137,137,136,3,7,521234529,49884066
51464,-1,0,1,444,21,895,14,-264,-884,22784,0,-300,0,579,0,0,0,137,137,137,137,3,7,521234530,49883956
51665,-1,0,0,444,21,895,13,-264,-884,22784,0,-300,0,579,0,0,0,137,138,138,137,3,7,521234531,49883847
51865,-1,0,0,444,20,895,13,-264,-885,22784,0,-300,0,579,0,0,0,137,137,137,136,3,7,521234531,49883738
52065,-1,0,1,444,20,895,13,-264,-885,22784,0,-300,0,579,0,0,0,137,137,137,137,3,7,521234532,49883628
52265,0,0,1,444,20,895,13,-264,-886,22750,0,-300,0,579,0,0,0,142,142,142,141,3,7,521234532,49883519
52465,0,0,2,444,20,895,13,-264,-886,22783,0,-300,0,579,0,0,0,133,133,133,133,3,7,521234533,49883409
52666,-2,0,1,444,20,895,13,-264,-886,22783,0,-300,0,579,0,0,0,137,137,137,137,3,7,521234533,49883300
52866,-1,0,1,444,19,895,12,-264,-887,22783,0,-300,0,579,0,0,0,137,137,137,136,3,7,521234534,49883191
53066,2,0,2,444,19,895,12,-264,-887,22783,0,-300,0,579,0,0,0,137,137,137,137,3,7,521234534,49883081
53266,-3,0,1,444,19,895,12,-264,-887,22783,0,-300,0,579,0,0,0,137,137,137,136,3,7,521234535,49882972
53467,-1,0,1,444,18,895,12,-264,-887,22783,0,-300,0,579,0,0,0,138,138,137,138,3,7,521234535,49882862
53667,-3,0,0,444,18,895,11,-264,-887,22783,0,-300,0,579,0,0,0,137,137,137,137,3,7,521234536,49882753
53867,1,0,1,444,17,895,11,-264,-888,22783,0,-300,0,579,0,0,0,137,137,137,137,3,7,521234536,49882644
54067,-3,0,2,444,17,895,11,-264,-888,22783,0,-300,0,579,0,0,0,137,136,137,137,3,7,521234537,49882534
54267,0,0,3,444,17,895,11,-264,-888,22749,0,-300,0,579,0,0,0,142,142,142,141,3,7,521234537,49882425
54468,-4,0,2,444,16,895,10,-264,-888,22783,0,-300,0,579,0,0,0,133,133,133,133,3,7,521234538,49882316
54668,1,0,4,444,15,895,10,-264,-888,22782,0,-300,0,579,0,0,0,137,137,137,137,3,7,521234538,49882206
54868,-1,0,4,444,16,895,10,-264,-887,22782,0,-300,0,579,0,0,0,137,137,137,137,3,7,521234539,49882097
55068,-1,0,4,444,15,895,9,-264,-887,22749,0,-300,0,579,0,0,0,141,142,142,142,3,7,521234539,49881987
55268,-6,0,3,445,14,895,9,-264,-886,22782,0,-300,0,579,0,0,0,137,137,137,137,3,7,521234540,49881878
55469,0,0,4,444,13,895,8,-264,-886,22782,0,-300,0,579,0,0,0,137,137,137,137,3,7,521234540,49881769
55669,-3,0,3,445,13,895,8,-264,-886,22782,0,-300,0,579,0,0,0,136,137,137,137,3,7,521234541,49881659
55869,-2,0,4,444,12,895,7,-264,-886,22749,0,-300,0,579,0,0,0,141,142,141,141,3,7,521234541,49881550
56069,-4,0,3,445,11,895,7,-264,-886,22782,0,-300,0,579,0,0,0,133,134,134,134,3,7,521234542,49881440
56270,0,0,5,444,10,895,6,-264,-885,22782,0,-300,0,579,0,0,0,136,137,137,137,3,7,521234542,49881331
56470,-3,0,4,445,10,895,6,-264,-885,22782,0,-300,0,579,0,0,0,137,137,137,137,3,7,521234543,49881222
56670,-1,0,4,444,9,895,6,-264,-885,22782,0,-300,0,579,0,0,0,137,137,137,137,3,7,521234543,49881113
56870,-3,0,4,444,8,895,5,-264,-885,22782,0,-300,0,579,0,0,0,138,138,138,138,3,7,521234544,49881003
57070,0,0,5,445,7,895,5,-264,-884,22782,0,-300,0,579,0,0,0,137,137,137,137,3,7,521234544,49880894
57271,-4,0,4,445,7,895,4,-264,-884,22782,0,-300,0,579,0,0,0,137,137,137,137,3,7,521234545,49880785
57471,-2,0,3,445,6,895,4,-264,-884,22782,0,-300,0,579,0,0,0,137,137,137,137,3,7,521234545,49880675
57671,-4,0,3,444,5,895,3,-264,-884,22782,0,-300,0,579,0,0,0,137,137,137,137,3,7,521234546,49880566
57871,1,0,4,445,4,895,3,-264,-884,22748,0,-300,0,579,0,0,0,141,142,142,142,3,7,521234546,49880456
58071,-3,0,3,445,4,895,3,-264,-884,22781,0,-300,0,579,0,0,0,133,133,134,133,3,7,521234547,49880347
58272,-2,0,3,444,3,895,2,-264,-884,22781,0,-300,0,579,0,0,0,137,137,137,137,3,7,521234547,49880238
58472,-4,0,1,444,2,895,2,-264,-884,22781,0,-300,0,579,0,0,0,137,137,137,137,3,7,521234548,49880129
58672,-1,0,1,445,2,895,1,-264,-885,22781,0,-300,0,579,0,0,0,136,137,137,137,3,7,521234549,49880019
58872,0,0,3,445,1,895,1,-264,-885,22748,0,-300,0,579,0,0,0,142,142,142,142,3,7,521234549,49879910
59072,-1,0,3,444,1,895,1,-264,-885,22781,0,-300,0,579,0,0,0,137,137,137,137,3,7,521234550,49879801
59273,-1,0,4,444,1,895,1,-264,-885,22781,0,-300,0,579,0,0,0,137,137,137,137,3,7,521234550,49879692
59473,-1,0,3,445,0,895,0,-264,-885,22781,0,-300,0,579,0,0,0,137,137,137,137,3,7,521234551,49879582
59673,-1,0,4,445,0,895,0,-264,-885,22781,0,-300,0,579,0,0,0,137,137,137,137,3,7,521234551,49879473
59873,-3,0,2,444,0,895,0,-264,-885,22748,0,-300,0,579,0,0,0,141,142,141,141,3,7,521234552,49879364
60074,0,0,3,444,0,895,0,-264,-885,22781,0,-300,0,579,0,0,0,133,133,133,133,3,7,521234552,49879254
60274,-3,0,2,445,0,895,0,-264,-885,22781,0,-300,0,579,0,0,0,137,137,137,136,3,7,521234553,49879145
60474,-1,0,3,444,-1,895,0,-264,-885,22780,0,-300,0,579,0,0,0,137,137,137,137,3,7,521234553,49879036
60674,-4,0,2,445,-2,895,-1,-264,-885,22780,0,-300,0,579,0,0,0,137,137,137,137,3,7,521234554,49878926
60874,0,0,2,445,-3,895,-1,-264,-885,22780,0,-300,0,579,0,0,0,137,137,137,137,3,7,521234555,49878817
61075,0,0,4,445,-3,895,-1,-264,-885,22747,0,-300,0,579,0,0,0,77,77,77,77,3,7,521234555,49878708
61275,-4,0,3,444,-3,895,-2,-264,-885,22649,0,-300,0,579,0,0,0,70,70,71,70,3,7,521234556,49878599
61475,-1,0,5,444,-4,895,-2,-264,-885,22319,0,-300,0,579,0,0,0,75,76,76,75,3,7,521234556,49878489
61675,-1,0,4,444,-5,895,-3,-264,-884,21958,0,-300,0,579,0,0,0,84,85,85,85,3,7,521234557,49878380
61875,-1,0,6,445,-5,895,-3,-264,-884,21433,0,-300,0,579,0,0,0,92,93,92,92,3,7,521234557,49878271
62076,1,236,4,422,-6,906,-3,-249,-883,20807,0,-300,0,579,0,0,0,86,90,86,89,3,7,521234558,49878162
62276,4,254,4,363,-5,931,-3,-213,-883,20247,0,-300,0,579,0,0,0,101,105,101,105,3,7,521234558,49878053
62476,-3,-45,0,330,-4,943,-3,-192,-883,19558,0,-300,0,579,0,0,0,109,107,109,107,3,7,521234559,49877948
62676,1,104,0,331,-5,942,-3,-193,-884,19052,0,-300,0,579,0,0,0,85,86,84,86,3,7,521234559,49877848
62877,0,159,-6,301,-4,953,-3,-175,-885,18313,0,-300,0,579,0,0,0,121,123,121,123,3,7,521234560,49877753
63077,-1,-94,-10,288,-4,957,-3,-167,-887,17548,0,-300,0,579,0,0,0,130,128,129,128,3,7,521234561,49877665
63277,4,86,-8,298,-4,954,-2,-173,-889,16796,0,-300,0,579,0,0,0,131,132,131,133,3,7,521234561,49877582
63477,1,-93,-10,295,-3,955,-2,-172,-891,16072,0,-300,0,579,0,0,0,133,131,132,131,3,7,521234562,49877505
63677,4,117,-7,302,-2,952,-1,-176,-893,15376,0,-300,0,579,0,0,0,131,132,130,132,3,7,521234562,49877433
63878,1,-60,-12,291,0,956,0,-169,-895,14712,0,-300,0,579,0,0,0,131,129,130,130,3,7,521234563,49877366
64078,3,139,-9,289,0,957,0,-168,-897,14065,0,-300,0,579,0,0,0,128,130,128,131,3,7,521234563,49877303
64278,1,-48,-15,272,0,961,0,-158,-900,13438,0,-300,0,579,0,0,0,129,127,128,128,3,7,521234564,49877244
64478,3,143,-12,268,1,962,0,-155,-902,12826,0,-300,0,579,0,0,0,126,128,125,128,3,7,521234564,49877189
64678,5,-50,-8,250,2,967,1,-145,-905,12225,0,-300,0,579,0,0,0,127,125,126,126,3,7,521234564,49877138
64879,3,-110,-18,272,4,961,2,-158,-907,11634,0,-300,0,579,0,0,0,126,123,125,124,3,7,521234565,49877092
65079,0,151,-17,276,5,960,2,-160,-910,11044,0,-300,0,579,0,0,0,124,125,123,126,3,7,521234565,49877050
65279,5,-15,-13,254,6,966,3,-147,-914,10455,0,-300,0,579,0,0,0,124,123,124,124,3,7,521234565,49877011
65479,7,-78,-9,266,8,963,4,-154,-916,9867,0,-300,0,579,0,0,0,125,122,124,123,3,7,521234565,49876975
65680,4,-77,-24,289,10,957,5,-168,-919,9278,0,-300,0,579,0,0,0,127,124,125,125,3,7,521234566,49876942
65880,7,-51,-20,308,12,950,7,-179,-924,8694,0,-300,0,579,0,0,0,131,129,130,130,3,7,521234566,49876911
66080,-5,225,-12,293,14,955,8,-170,-927,8115,0,-300,0,579,0,0,0,134,137,134,138,3,7,521234566,49876880
66280,3,40,-4,252,13,967,8,-146,-929,7561,0,-300,0,579,0,0,0,140,140,139,140,3,7,521234566,49876849
66480,32,-500,-1,301,18,953,10,-175,-930,7041,0,-300,0,579,0,-1,0,147,139,148,138,3,7,521234566,49876821
66681,9,-164,0,400,24,915,14,-236,-930,6566,0,-300,0,579,0,0,0,146,143,146,143,3,7,521234566,49876795
66881,-35,507,-39,372,21,927,13,-219,-933,6134,0,-300,0,579,0,1,0,143,149,140,151,3,7,521234567,49876764
67081,-23,437,-29,242,14,969,8,-140,-940,5748,0,-300,0,579,0,1,0,143,149,141,150,3,7,521234567,49876729
67281,6,48,-10,163,10,986,6,-94,-944,5406,0,-300,0,579,0,0,0,146,146,145,146,3,7,521234567,49876695
67481,48,-509,-7,214,17,976,10,-123,-946,5108,0,-300,0,579,0,-1,0,149,139,149,140,3,7,521234567,49876668
67682,15,-162,-2,316,27,947,16,-185,-947,4847,0,-300,0,579,0,0,0,144,142,145,142,3,7,521234567,49876648
67882,4,-54,0,349,31,936,18,-204,-947,4619,0,-300,0,579,0,0,0,142,142,143,142,3,7,521234567,49876627
68082,-20,226,0,333,29,941,17,-194,-947,4417,0,-300,0,579,0,0,0,139,143,139,143,3,7,521234567,49876604
68282,-6,71,0,288,25,957,15,-167,-947,4239,0,-300,0,579,0,0,0,140,140,139,140,3,7,521234567,49876578
68483,-1,21,0,274,24,960,14,-159,-947,4081,0,-300,0,579,0,0,0,139,139,138,139,3,7,521234567,49876552
68683,-51,3,745,270,21,962,12,-157,-899,3936,0,-300,0,579,0,0,8,118,160,158,116,3,7,521234567,49876528
68883,-156,18,757,267,-18,962,-10,-155,-749,3804,0,-300,0,579,0,0,8,118,162,156,114,3,7,521234567,49876505
69083,-181,60,768,254,-78,963,-45,-147,-596,3680,0,-300,0,579,0,0,8,116,162,156,114,3,7,521234569,49876483
69283,-12,299,778,202,-123,971,-71,-116,-441,3564,0,-300,0,579,0,1,8,112,162,156,117,3,7,521234572,49876463
69484,-59,185,787,124,-137,982,-79,-71,-284,3454,0,-300,0,579,0,0,8,113,162,157,116,3,7,521234577,49876445
69684,-47,166,795,65,-155,985,-90,-37,-126,3351,0,-300,0,579,0,0,8,113,162,157,115,3,7,521234584,49876432
69884,-8,161,803,9,-165,985,-95,-5,33,3252,0,-300,0,579,0,0,8,112,162,158,116,3,7,521234590,49876425
70084,36,159,809,-44,-160,985,-92,25,194,3160,0,-300,0,579,0,0,9,112,161,159,116,3,7,521234597,49876424
70284,84,143,815,-96,-139,985,-80,55,357,3072,0,-300,0,579,0,0,9,111,161,159,116,3,7,521234604,49876427
70485,126,115,820,-140,-103,984,-59,80,521,2990,0,-300,0,579,0,0,9,111,160,161,116,3,7,521234610,49876435
70685,161,78,826,-172,-53,983,-31,99,686,2913,0,-300,0,579,0,0,9,112,160,162,116,3,7,521234616,49876447
70885,183,28,830,-188,5,981,2,108,852,2841,0,-300,0,579,0,0,9,112,159,163,116,3,7,521234621,49876461
71085,190,-26,834,-187,69,979,39,107,1018,2774,0,-300,0,579,0,0,9,112,159,164,115,3,7,521234624,49876478
71285,184,-79,838,-166,132,977,76,96,1185,2711,0,-300,0,579,0,0,9,113,158,165,115,3,7,521234627,49876497
71486,160,-131,842,-128,189,973,109,73,1354,2655,0,-300,0,579,0,0,9,114,158,164,113,3,7,521234628,49876517
71686,121,-175,845,-73,234,969,136,42,1523,2603,0,-300,0,579,0,0,9,115,158,165,113,3,7,521234627,49876537
71886,67,-203,846,-5,264,964,153,3,1688,2555,0,-300,0,579,0,0,9,115,159,165,112,3,7,521234626,49876555
72086,18,-194,747,64,274,958,159,-37,-1769,2513,0,-300,0,579,0,0,5,125,149,154,121,3,7,521234622,49876572
72287,-18,-170,645,127,271,954,158,-73,-1649,2472,0,-300,0,579,0,0,4,128,149,151,122,3,7,521234617,49876587
72487,-47,-145,555,181,258,949,150,-104,-1544,2435,0,-300,0,579,0,0,4,119,138,140,115,3,7,521234611,49876598
72687,-63,-119,515,225,238,945,139,-130,-1450,2389,0,-300,0,579,0,0,3,119,137,137,114,3,7,521234604,49876606
72887,-75,-101,533,262,213,942,125,-151,-1359,2320,0,-300,0,579,0,0,4,120,138,138,115,3,7,521234595,49876610
73087,-139,151,524,264,176,949,104,-152,-1267,2232,0,-300,0,579,0,0,3,120,142,136,119,3,7,521234586,49876609
73288,-127,5,626,241,133,961,79,-139,-1167,2125,0,-300,0,579,0,0,4,120,144,142,116,3,7,521234576,49876604
73488,-140,-28,762,246,88,964,53,-142,-1054,2007,0,-300,0,579,0,0,5,119,148,145,115,3,7,521234567,49876597
73688,-156,-16,706,255,37,965,23,-147,-930,1880,0,-300,0,579,0,0,5,121,148,145,117,3,7,521234561,49876591
73888,-156,10,832,256,-15,966,-7,-148,-808,1750,0,-300,0,579,0,0,9,112,160,155,108,3,7,521234554,49876585
74088,-163,48,723,246,-71,966,-40,-142,-671,1615,0,-300,0,579,0,0,5,121,151,146,119,3,7,521234550,49876579
74289,-138,76,625,225,-123,966,-71,-130,-553,1483,0,-300,0,579,0,0,4,123,150,144,122,3,7,521234546,49876574
74489,-105,87,482,197,-165,966,-95,-114,-455,1350,0,-300,0,579,0,0,3,126,148,144,126,3,7,521234543,49876570
74689,-74,84,388,168,-195,966,-113,-97,-378,1222,0,-300,0,579,0,0,2,130,147,143,131,3,7,521234542,49876565
74889,-51,77,325,141,-215,966,-125,-81,-315,1100,0,-300,0,579,0,0,2,132,146,143,133,3,7,521234541,49876561
75090,-36,71,305,116,-230,966,-134,-66,-259,990,0,-300,0,579,0,0,2,132,146,143,134,3,7,521234540,49876557
75290,-26,70,296,92,-241,965,-140,-53,-206,891,0,-300,0,579,0,0,2,133,147,144,134,3,7,521234539,49876553
75490,-18,63,228,69,-248,965,-144,-39,-159,804,0,-300,0,579,0,0,1,134,145,143,136,3,7,521234539,49876550
75690,-12,60,267,49,-253,965,-147,-28,-115,727,0,-300,0,579,0,0,1,134,145,143,135,3,7,521234538,49876546
75890,-6,59,220,28,-257,965,-149,-16,-72,662,0,-300,0,579,0,0,1,134,144,143,135,3,7,521234537,49876543
76091,-2,48,153,9,-258,965,-150,-5,-39,606,0,-300,0,579,0,0,1,135,142,141,136,3,7,521234537,49876541
76291,0,42,173,-4,-259,965,-150,2,-9,557,0,-300,0,579,0,0,1,134,142,141,135,3,7,521234536,49876538
76491,3,40,159,-19,-258,965,-149,11,19,516,0,-300,0,579,0,0,1,134,142,141,135,3,7,521234534,49876535
76691,4,38,154,-32,-256,965,-149,18,47,480,0,-300,0,579,0,0,1,134,141,140,135,3,7,521234533,49876532
76891,6,34,129,-45,-255,965,-148,25,73,447,0,-300,0,579,0,0,1,134,140,140,135,3,7,521234531,49876529
77092,6,29,96,-56,-252,965,-146,32,93,418,0,-300,0,579,0,0,0,135,139,139,135,3,7,521234528,49876526
77292,6,23,93,-65,-250,965,-145,37,110,391,0,-300,0,579,0,0,0,135,139,138,136,3,7,521234526,49876523
77492,28,-214,68,-39,-245,968,-142,22,125,365,0,-300,0,579,0,0,0,137,136,140,134,3,7,521234523,49876520
77692,9,-63,29,3,-239,970,-139,-2,133,342,0,-300,0,579,0,0,0,137,137,138,136,3,7,521234520,49876518
77893,0,-1,0,10,-238,970,-138,-5,135,271,0,-300,0,579,0,0,0,0,0,0,0,0,7,521234519,49876516
78093,0,0,0,10,-238,970,-138,-5,135,0,0,-300,0,579,0,0,0,0,0,0,0,0,7,521234519,49876516
78293,0,0,0,10,-238,970,-138,-5,135,0,0,-300,0,579,0,0,0,0,0,0,0,0,7,521234519,49876516
78493,0,0,0,10,-238,970,-138,-5,135,0,0,-300,0,579,0,0,0,0,0,0,0,0,7,521234519,49876516
78693,0,0,0,10,-238,970,-138,-5,135,0,0,-300,0,579,0,0,0,0,0,0,0,0,7,521234519,49876516
78894,0,0,0,10,-238,970,-138,-5,135,0,0,-300,0,579,0,0,0,0,0,0,0,0,7,521234519,49876516
79094,0,0,0,10,-238,970,-138,-5,135,0,0,-300,0,579,0,0,0,0,0,0,0,0,7,521234519,49876516
79294,0,0,0,10,-238,970,-138,-5,135,0,0,-300,0,579,0,0,0,0,0,0,0,0,7,521234519,49876516
79494,0,0,0,10,-238,970,-138,-5,135,0,0,0,0,549,0,0,0,0,0,0,0,0,7,521234519,49876516
79694,0,0,0,10,-238,970,-138,-5,135,0,0,0,0,549,0,0,0,0,0,0,0,0,7,521234519,49876516
79895,0,0,0,10,-238,970,-138,-5,135,0,0,0,0,549,0,0,0,0,0,0,0,0,7,521234519,49876516
80095,0,0,0,10,-238,970,-138,-5,135,0,0,0,0,549,0,0,0,0,0,0,0,0,7,521234519,49876516
80295,0,0,0,10,-238,970,-138,-5,135,0,0,0,0,549,0,0,0,0,0,0,0,0,7,521234519,49876516
80495,0,0,0,10,-238,970,-138,-5,135,0,0,0,0,549,0,0,0,0,0,0,0,0,7,521234519,49876516
80695,0,0,0,10,-238,970,-138,-5,135,0,0,0,0,549,0,0,0,0,0,0,0,0,7,521234519,49876516
80896,0,0,0,10,-238,970,-138,-5,135,0,0,0,0,549,0,0,0,0,0,0,0,0,7,521234519,49876516
81096,0,0,0,10,-238,970,-138,-5,135,0,0,0,0,549,0,0,0,0,0,0,0,0,7,521234519,49876516
81296,0,0,0,10,-238,970,-138,-5,135,0,0,0,0,549,0,0,0,0,0,0,0,0,7,521234519,49876516
81496,0,0,0,10,-238,970,-138,-5,135,0,0,0,0,549,0,0,0,0,0,0,0,0,7,521234519,49876516
81697,0,0,0,10,-238,970,-138,-5,135,0,0,0,0,549,0,0,0,0,0,0,0,0,7,521234519,49876516
81897,0,0,0,10,-238,970,-138,-5,135,0,0,0,0,549,0,0,0,0,0,0,0,0,7,521234519,49876516
82097,0,0,0,10,-238,970,-138,-5,135,0,0,0,0,549,0,0,0,0,0,0,0,0,7,521234519,49876516
82297,0,0,0,10,-238,970,-138,-5,135,0,0,0,0,549,0,0,0,0,0,0,0,0,7,521234519,49876516
82497,0,0,0,10,-238,970,-138,-5,135,0,0,0,0,549,0,0,0,0,0,0,0,0,7,521234519,49876516
82698,0,0,0,10,-238,970,-138,-5,135,0,0,0,0,549,0,0,0,0,0,0,0,0,7,521234519,49876516
82898,0,0,0,10,-238,970,-138,-5,135,0,0,0,0,549,0,0,0,0,0,0,0,0,7,521234519,49876516
83098,0,0,0,10,-238,970,-138,-5,135,0,0,0,0,549,0,0,0,0,0,0,0,0,7,521234519,49876516
83298,0,0,0,10,-238,970,-138,-5,135,0,0,0,0,549,0,0,0,0,0,0,0,0,7,521234519,49876516
ak> sim:  83811 ms  roll  -13.8 deg  pitch   -0.6 deg  motors 0.00 0.00 0.00 0.00
sim:  84811 ms  roll  -13.8 deg  pitch   -0.6 deg  motors 0.00 0.00 0.00 0.00
sim:  85811 ms  roll  -13.8 deg  pitch   -0.6 deg  motors 0.00 0.00 0.00 0.00
sim:  86811 ms  roll  -13.8 deg  pitch   -0.6 deg  motors 0.00 0.00 0.00 0.00
sim:  87811 ms  roll  -13.8 deg  pitch   -0.6 deg  motors 0.00 0.00 0.00 0.00
sim:  88811 ms  roll  -13.8 deg  pitch   -0.6 deg  motors 0.00 0.00 0.00 0.00
sim:  89811 ms  roll  -13.8 deg  pitch   -0.6 deg  motors 0.00 0.00 0.00 0.00
sim:  90811 ms  roll  -13.8 deg  pitch   -0.6 deg  motors 0.00 0.00 0.00 0.00
alive: 90811 ms, 89905 loops
sim:  91811 ms  roll  -13.8 deg  pitch   -0.6 deg  motors 0.00 0.00 0.00 0.00
sim:  92811 ms  roll  -13.8 deg  pitch   -0.6 deg  motors 0.00 0.00 0.00 0.00
sim:  93811 ms  roll  -13.8 deg  pitch   -0.6 deg  motors 0.00 0.00 0.00 0.00
sim:  94811 ms  roll  -13.8 deg  pitch   -0.6 deg  motors 0.00 0.00 0.00 0.00
sim:  95811 ms  roll  -13.8 deg  pitch   -0.6 deg  motors 0.00 0.00 0.00 0.00
sim:  96811 ms  roll  -13.8 deg  pitch   -0.6 deg  motors 0.00 0.00 0.00 0.00
sim:  97811 ms  roll  -13.8 deg  pitch   -0.6 deg  motors 0.00 0.00 0.00 0.00
sim:  98811 ms  roll  -13.8 deg  pitch   -0.6 deg  motors 0.00 0.00 0.00 0.00
sim:  99811 ms  roll  -13.8 deg  pitch   -0.6 deg  motors 0.00 0.00 0.00 0.00
sim: ok   the quadrotor flew away from home          147 m out at its furthest
sim: ok   and its yaw estimate had found the ground track by then the estimator's yaw was 0 deg from the track it was making when the link went
sim: ok   the navigator says the return engaged      the console reports it engaged
sim: ok   and brought it back over the ground it took off from closest approach 0 m of 136 m out; 1 m out when it first reached the hover height
sim: ok   then descended to the hover height it was told to hold at 3.5 m above home on arrival, 2.1 m four seconds later
sim: ok   and it came down over the ground it took off from the descent started 9.2 m from home at 22.3 m up
sim: ok   and it held its station over home while it settled averaged 0.5 m from home over 84 samples of the settle
sim: ok   and the blackbox carries the height and the yaw of the flight 412 records, height 0.0 to 23.1 m, yaw span 352 deg, last position 0 m from where the aircraft is
sim: ok   and where the flight ended, from the last record in it 412 records, height 0.0 to 23.1 m, yaw span 352 deg, last position 0 m from where the aircraft is
sim: ok   and it landed and stopped its motors there on the ground at 0.0 m, motors stopped at 0.3 m, 1 m from home
sim: ok   and stayed down - disarmed - when the receiver came back the later status says disarmed
sim: ok   and the flight mode it sent said RTH       DISARM
sim: ok   the handset asked who is on the link, and got one answer per ping 2 pings up the wire, 2 answers back, name "aerialkit-f405"
sim: ok   and the answer is the device-info frame a handset expects "aerialkit-f405", to 0xea from 0xc8, 0 parameters, version 1

sim: ---- 100 s of simulated flight ----
sim: 100000 ms, 99894 passes of the main loop
sim: ok   one pass of the loop is one millisecond    1.0011 ms per pass over 99894 passes
sim: ok   every radio byte reached the parser        54456 of 54456 bytes taken, ring dropped 0
sim: ok   the radio sent frames throughout           2094 frames of 26 bytes each
sim: ok   the gps stream reached the parser          496 gps frames, 0 bytes dropped
sim: ok   the position the gps sent is the position the firmware has looking for "52.1234567, 4.9876543" in the console: found
sim: ok   the aircraft armed and the mixer drove the motors motors turning 3013..77712 ms, up to 1.00
sim: PASS (0 checks failed)
