
AerialKit Firmware
  product:  aerialkit-f405
  board:    SIM / software in the loop
  rev:      879086d-dirty
  built:    Sep 18 2026 / 17:29:14
  clocks:   simulated, 160 MHz
  state:    no sensor drivers - the flight loop runs in failsafe

faults: none recorded
selftest:
  ok       squareroot of 9 is 3
  ok       atan2(1,1) is pi/4
  ok       quad hover is symmetric
  ok       quad roll right lifts the left pair
  ok       quad nose-up lifts the front pair
  ok       wing pitch moves both elevons together
  ok       wing roll moves the elevons opposite ways
  ok       wing yaw is differential thrust
  ok       estimator holds level when level
  ok       disarmed means motors at zero and servos centred
  ok       arm switch plus low throttle arms
  ok       armed, roll right lifts the left pair
  ok       RC loss stops the motors
  ok       failsafe is latched, not just this frame
  ok       failsafe holds until the arm switch is cycled
  ok       a wing arms the same way
  ok       a wing that loses its link circles down instead of stopping
  ok       and a link that comes back does not take it back mid-descent
  ok       and the ground disarms it
selftest: passed

imu:       configured for 1 kHz, gyro 2000 dps, accel 16 g
imu:       icm42688p
baro:      dps310
rangefinder: tof10120 at 0x52, up to 2.00 m
console: type 'help'
no saved configuration
preflight: the machine is what the firmware thinks it is
boot: ok
ak> sim:    812 ms  roll    0.0 deg  pitch    0.0 deg  motors 0.00 0.00 0.00 0.00
home: from the first fix while disarmed, 52.1234567, 4.9876543
set rth_enable 1
rth_enable = 1
ak> gyro: bias measured while disarmed: 4999 4999 4999 mdps (500 samples, 0 rejected)
sim:   1811 ms  roll    0.0 deg  pitch    0.0 deg  motors 0.00 0.00 0.00 0.00
sim:   2501 ms  arm switch on, throttle down
sim:   2811 ms  roll    0.0 deg  pitch    0.0 deg  motors 0.00 0.00 0.00 0.00
sim:   3811 ms  roll    0.0 deg  pitch    0.0 deg  motors 0.07 0.07 0.07 0.07
sim:   4001 ms  throttle up, climbing
sim:   4811 ms  roll   -0.0 deg  pitch   -0.0 deg  motors 0.59 0.59 0.59 0.59
sim:   5811 ms  roll    0.0 deg  pitch    0.0 deg  motors 0.59 0.59 0.59 0.59
sim:   6811 ms  roll    0.0 deg  pitch    0.0 deg  motors 0.59 0.59 0.59 0.59
sim:   7001 ms  nose down, flying out east
sim:   7811 ms  roll    0.0 deg  pitch  -10.5 deg  motors 0.59 0.59 0.59 0.59
sim:   8811 ms  roll    0.0 deg  pitch  -10.5 deg  motors 0.59 0.59 0.59 0.59
sim:   9811 ms  roll    0.0 deg  pitch  -10.5 deg  motors 0.59 0.59 0.59 0.59
sim:  10811 ms  roll    0.0 deg  pitch  -10.5 deg  motors 0.59 0.59 0.59 0.59
alive: 10811 ms, 9990 loops
sim:  11811 ms  roll    0.0 deg  pitch  -10.5 deg  motors 0.59 0.59 0.59 0.59
sim:  12811 ms  roll    0.0 deg  pitch  -10.5 deg  motors 0.59 0.59 0.59 0.59
sim:  13811 ms  roll    0.0 deg  pitch  -10.5 deg  motors 0.59 0.59 0.59 0.59
sim:  14811 ms  roll    0.0 deg  pitch  -10.5 deg  motors 0.59 0.59 0.59 0.59
sim:  15811 ms  roll    0.0 deg  pitch  -10.5 deg  motors 0.59 0.59 0.59 0.59
sim:  16811 ms  roll    0.0 deg  pitch  -10.5 deg  motors 0.59 0.59 0.59 0.59
sim:  17811 ms  roll    0.0 deg  pitch  -10.5 deg  motors 0.59 0.59 0.59 0.59
sim:  18811 ms  roll    0.0 deg  pitch  -10.5 deg  motors 0.59 0.59 0.59 0.59
sim:  19811 ms  roll    0.0 deg  pitch  -10.5 deg  motors 0.59 0.59 0.59 0.59
sim:  20811 ms  roll    0.0 deg  pitch  -10.5 deg  motors 0.59 0.59 0.59 0.59
alive: 20811 ms, 19979 loops
sim:  21811 ms  roll    0.0 deg  pitch  -10.5 deg  motors 0.59 0.59 0.59 0.59
sim:  22001 ms  receiver unplugged, 136 m out at 22.3 m, 9 m/s
sim:  22002 ms  135.7 m from home, 22.3 m up, mode ANGLE
sim:  22811 ms  roll   -3.9 deg  pitch   27.5 deg  motors 0.58 0.41 0.38 0.55
sim:  23002 ms  143.1 m from home, 23.2 m up, mode RTH
sim:  23811 ms  roll   -9.2 deg  pitch   27.3 deg  motors 0.65 0.47 0.45 0.60
sim:  24002 ms  146.4 m from home, 23.1 m up, mode RTH
sim:  24811 ms  roll   13.1 deg  pitch   25.6 deg  motors 0.47 0.62 0.66 0.48
sim:  25002 ms  146.6 m from home, 22.9 m up, mode RTH
sim:  25811 ms  roll   12.8 deg  pitch   25.7 deg  motors 0.53 0.60 0.59 0.53
sim:  26002 ms  145.1 m from home, 22.8 m up, mode RTH
gps
gps:       12600 bytes, 126 messages, 126 NAV-PVT, 0 bad checksums, 0 bad lengths, 0 other
fix:       type 3 (ok), 11 satellites, pdop 1.23, hacc 1200 mm
usable:    yes (needs 6 satellites, has 11)
position:  52.1234601, 4.9897826
altitude:  142828 mm msl
motion:    1941 mm/s, course -100.-0665 deg
uart:      0 bytes dropped by the receive buffer
fixes:     126, valid now: yes
configure:  0 attempts
home:      145 m away, bearing -90.-14 deg
return:    engaged, 1 engagements, holding 142670 mm (quadrotor: climb, translate, settle profile)
link:      gone, returning enabled
ak> sim:  26811 ms  roll   20.2 deg  pitch   20.2 deg  motors 0.56 0.55 0.54 0.56
sim:  27002 ms  142.4 m from home, 22.8 m up, mode RTH
sim:  27811 ms  roll   26.3 deg  pitch   10.2 deg  motors 0.54 0.59 0.62 0.52
sim:  28002 ms  139.1 m from home, 22.8 m up, mode RTH
sim:  28811 ms  roll   22.8 deg  pitch  -17.9 deg  motors 0.50 0.65 0.65 0.46
sim:  29002 ms  135.4 m from home, 22.8 m up, mode RTH
sim:  29811 ms  roll   -5.5 deg  pitch  -26.9 deg  motors 0.51 0.64 0.62 0.50
sim:  30002 ms  131.4 m from home, 22.8 m up, mode RTH
sim:  30811 ms  roll  -15.5 deg  pitch  -20.1 deg  motors 0.56 0.57 0.57 0.56
alive: 30811 ms, 29969 loops
sim:  31002 ms  127.4 m from home, 22.8 m up, mode RTH
sim:  31811 ms  roll  -10.7 deg  pitch  -23.5 deg  motors 0.59 0.53 0.55 0.60
sim:  32002 ms  123.6 m from home, 22.8 m up, mode RTH
sim:  32811 ms  roll    1.7 deg  pitch  -26.4 deg  motors 0.60 0.52 0.54 0.61
sim:  33002 ms  119.9 m from home, 22.8 m up, mode RTH
sim:  33811 ms  roll   10.7 deg  pitch  -24.0 deg  motors 0.58 0.55 0.55 0.59
sim:  34002 ms  116.1 m from home, 22.8 m up, mode RTH
sim:  34811 ms  roll   11.5 deg  pitch  -23.6 deg  motors 0.53 0.54 0.54 0.53
sim:  35002 ms  112.4 m from home, 22.8 m up, mode RTH
sim:  35811 ms  roll    6.9 deg  pitch  -25.6 deg  motors 0.52 0.55 0.55 0.52
sim:  36002 ms  108.6 m from home, 22.8 m up, mode RTH
sim:  36811 ms  roll    1.6 deg  pitch  -26.5 deg  motors 0.56 0.58 0.58 0.55
sim:  37002 ms  104.9 m from home, 22.8 m up, mode RTH
sim:  37811 ms  roll   -0.6 deg  pitch  -26.4 deg  motors 0.55 0.55 0.55 0.55
sim:  38002 ms  101.1 m from home, 22.8 m up, mode RTH
sim:  38811 ms  roll    0.7 deg  pitch  -26.4 deg  motors 0.55 0.54 0.54 0.56
sim:  39002 ms  97.3 m from home, 22.8 m up, mode RTH
sim:  39811 ms  roll    2.9 deg  pitch  -26.3 deg  motors 0.54 0.53 0.53 0.54
sim:  40002 ms  93.6 m from home, 22.8 m up, mode RTH
sim:  40811 ms  roll    4.2 deg  pitch  -26.1 deg  motors 0.57 0.56 0.56 0.57
alive: 40811 ms, 39958 loops
sim:  41002 ms  89.9 m from home, 22.8 m up, mode RTH
sim:  41811 ms  roll    4.0 deg  pitch  -26.1 deg  motors 0.55 0.55 0.55 0.55
sim:  42002 ms  86.1 m from home, 22.8 m up, mode RTH
sim:  42811 ms  roll    2.9 deg  pitch  -26.3 deg  motors 0.53 0.54 0.54 0.53
sim:  43002 ms  82.4 m from home, 22.8 m up, mode RTH
sim:  43811 ms  roll    1.9 deg  pitch  -26.4 deg  motors 0.55 0.55 0.55 0.55
sim:  44002 ms  78.6 m from home, 22.8 m up, mode RTH
sim:  44811 ms  roll    1.5 deg  pitch  -26.4 deg  motors 0.55 0.55 0.55 0.55
sim:  45002 ms  74.9 m from home, 22.8 m up, mode RTH
sim:  45811 ms  roll    1.8 deg  pitch  -26.4 deg  motors 0.55 0.55 0.55 0.55
sim:  46002 ms  71.1 m from home, 22.8 m up, mode RTH
sim:  46811 ms  roll    2.1 deg  pitch  -26.4 deg  motors 0.57 0.57 0.57 0.57
sim:  47002 ms  67.4 m from home, 22.8 m up, mode RTH
sim:  47811 ms  roll    2.2 deg  pitch  -26.4 deg  motors 0.55 0.55 0.55 0.55
sim:  48002 ms  63.6 m from home, 22.8 m up, mode RTH
sim:  48811 ms  roll    1.9 deg  pitch  -26.4 deg  motors 0.57 0.57 0.57 0.57
sim:  49002 ms  59.9 m from home, 22.8 m up, mode RTH
sim:  49811 ms  roll    1.6 deg  pitch  -26.4 deg  motors 0.55 0.55 0.55 0.55
sim:  50002 ms  56.2 m from home, 22.8 m up, mode RTH
sim:  50811 ms  roll    1.3 deg  pitch  -26.4 deg  motors 0.55 0.55 0.55 0.55
alive: 50811 ms, 49947 loops
sim:  51002 ms  52.4 m from home, 22.8 m up, mode RTH
sim:  51811 ms  roll    1.1 deg  pitch  -26.4 deg  motors 0.57 0.57 0.57 0.57
sim:  52002 ms  48.7 m from home, 22.8 m up, mode RTH
sim:  52811 ms  roll    1.1 deg  pitch  -26.4 deg  motors 0.54 0.54 0.53 0.53
sim:  53002 ms  44.9 m from home, 22.8 m up, mode RTH
sim:  53811 ms  roll    1.0 deg  pitch  -26.4 deg  motors 0.55 0.55 0.55 0.55
sim:  54002 ms  41.2 m from home, 22.8 m up, mode RTH
sim:  54811 ms  roll    0.9 deg  pitch  -26.4 deg  motors 0.55 0.55 0.55 0.55
sim:  55002 ms  37.5 m from home, 22.8 m up, mode RTH
sim:  55811 ms  roll    0.7 deg  pitch  -26.4 deg  motors 0.55 0.55 0.55 0.55
sim:  56002 ms  33.7 m from home, 22.8 m up, mode RTH
sim:  56811 ms  roll    0.5 deg  pitch  -26.4 deg  motors 0.57 0.57 0.57 0.57
sim:  57002 ms  30.0 m from home, 22.8 m up, mode RTH
sim:  57811 ms  roll    0.3 deg  pitch  -26.4 deg  motors 0.55 0.55 0.55 0.55
sim:  58002 ms  26.3 m from home, 22.8 m up, mode RTH
sim:  58811 ms  roll    0.2 deg  pitch  -26.4 deg  motors 0.55 0.55 0.55 0.55
sim:  59002 ms  22.5 m from home, 22.8 m up, mode RTH
sim:  59811 ms  roll    0.1 deg  pitch  -26.4 deg  motors 0.55 0.55 0.55 0.55
sim:  60002 ms  18.8 m from home, 22.8 m up, mode RTH
sim:  60811 ms  roll   -0.1 deg  pitch  -26.4 deg  motors 0.57 0.57 0.57 0.57
alive: 60811 ms, 59937 loops
sim:  61002 ms  15.1 m from home, 22.8 m up, mode RTH
sim:  61811 ms  roll   -0.3 deg  pitch  -26.4 deg  motors 0.37 0.37 0.37 0.37
sim:  62002 ms  11.3 m from home, 21.1 m up, mode RTH
sim:  62537 ms  started coming down 9.4 m from home, 19.3 m up
sim:  62811 ms  roll   -0.3 deg  pitch  -17.9 deg  motors 0.47 0.47 0.47 0.47
sim:  63002 ms  7.9 m from home, 17.7 m up, mode RTH
sim:  63811 ms  roll   -0.1 deg  pitch  -16.7 deg  motors 0.49 0.49 0.49 0.49
sim:  64002 ms  5.4 m from home, 14.5 m up, mode RTH
sim:  64811 ms  roll    0.2 deg  pitch  -16.1 deg  motors 0.48 0.48 0.48 0.48
sim:  65002 ms  3.6 m from home, 11.4 m up, mode RTH
sim:  65811 ms  roll    0.6 deg  pitch  -16.3 deg  motors 0.49 0.48 0.49 0.49
sim:  66002 ms  2.3 m from home, 8.4 m up, mode RTH
sim:  66811 ms  roll    1.0 deg  pitch  -17.4 deg  motors 0.55 0.55 0.54 0.56
sim:  67002 ms  1.2 m from home, 6.0 m up, mode RTH
sim:  67811 ms  roll    2.1 deg  pitch  -21.0 deg  motors 0.56 0.56 0.56 0.56
sim:  68002 ms  0.4 m from home, 4.5 m up, mode RTH
sim:  68811 ms  roll    0.5 deg  pitch  -14.9 deg  motors 0.48 0.64 0.63 0.46
sim:  69002 ms  0.3 m from home, 3.7 m up, mode RTH
sim:  69423 ms  first down at the hover height: 1 m out, 3.5 m up
sim:  69811 ms  roll   -9.9 deg  pitch   -2.2 deg  motors 0.46 0.64 0.63 0.47
sim:  70002 ms  0.8 m from home, 3.2 m up, mode RTH
sim:  70811 ms  roll   -1.3 deg  pitch   11.5 deg  motors 0.45 0.63 0.65 0.47
alive: 70811 ms, 69926 loops
sim:  71002 ms  0.8 m from home, 2.8 m up, mode RTH
sim:  71811 ms  roll   14.9 deg  pitch    2.6 deg  motors 0.52 0.60 0.62 0.51
sim:  72002 ms  0.6 m from home, 2.6 m up, mode RTH
sim:  72811 ms  roll   13.8 deg  pitch   -8.4 deg  motors 0.50 0.54 0.53 0.50
sim:  73002 ms  0.3 m from home, 2.3 m up, mode RTH
sim:  73811 ms  roll    0.7 deg  pitch  -14.9 deg  motors 0.51 0.55 0.54 0.49
sim:  74002 ms  0.3 m from home, 1.7 m up, mode RTH
sim:  74811 ms  roll   -7.5 deg  pitch  -13.1 deg  motors 0.53 0.55 0.54 0.53
sim:  75002 ms  0.3 m from home, 1.1 m up, mode RTH
sim:  75811 ms  roll  -11.0 deg  pitch  -10.1 deg  motors 0.54 0.56 0.56 0.55
sim:  76003 ms  0.4 m from home, 0.6 m up, mode RTH
sim:  76811 ms  roll  -13.6 deg  pitch   -6.3 deg  motors 0.54 0.56 0.56 0.55
sim:  77003 ms  0.5 m from home, 0.4 m up, mode RTH
arm:       refused - the receiver has gone quiet (1060 frames)
sim:  77613 ms  motors stopped at 0.3 m above home, 0.5 m from it
sim:  77811 ms  roll  -14.6 deg  pitch   -3.7 deg  motors 0.00 0.00 0.00 0.00
sim:  78003 ms  0.6 m from home, 0.0 m up, mode DISARM
sim:  78811 ms  roll  -14.6 deg  pitch   -3.7 deg  motors 0.00 0.00 0.00 0.00
sim:  79003 ms  0.6 m from home, 0.0 m up, mode DISARM
sim:  79424 ms  receiver back - has the pilot got it?
arm:       refused - the throttle is at 55 per cent, and arming wants 5
sim:  79811 ms  roll  -14.6 deg  pitch   -3.7 deg  motors 0.00 0.00 0.00 0.00
status
state:     disarmed
uptime:    80425 ms
loops:     79530
attitude:  roll -254 mrad, pitch -64 mrad, yaw 12285 mrad
attitude:  converged
motors:    0 0 0 0 per-mille
servos:    0 0 per-mille
arm:       refused - the throttle is at 55 per cent, and arming wants 5
params:    1 changed since the last save
fault:     none recorded
ak> sim:  80811 ms  roll  -14.6 deg  pitch   -3.7 deg  motors 0.00 0.00 0.00 0.00
alive: 80811 ms, 79915 loops
sim:  81811 ms  roll  -14.6 deg  pitch   -3.7 deg  motors 0.00 0.00 0.00 0.00
sim:  82811 ms  roll  -14.6 deg  pitch   -3.7 deg  motors 0.00 0.00 0.00 0.00
log flash
# aerialkit blackbox (flash), 412 records in 4 sectors
# oldest first; this one outlives the battery
# units: gyro 0.1 dps, accel 0.001 g, attitude 0.1 deg, alt mm above the take-off reference, sticks per-mille, torque percent, motor 0..254
time_ms,gyro_x,gyro_y,gyro_z,accel_x,accel_y,accel_z,roll,pitch,yaw,alt_mm,stick_roll,stick_pitch,stick_yaw,stick_throttle,torque_roll,torque_pitch,torque_yaw,1011,49,49,49,0,0,1000,8,8,10,0,0,0,0,0,0,0,0,0,0,0,0,0,7,521234567,49876543
1211,49,49,49,0,0,1000,13,13,20,0,0,0,0,0,0,0,0,0,0,0,0,0,7,521234567,49876543
1411,0,0,0,0,0,1000,12,12,24,0,0,0,0,0,0,0,0,0,0,0,0,0,7,521234567,49876543
1611,0,0,0,0,0,1000,8,8,24,0,0,0,0,0,0,0,0,0,0,0,0,0,7,521234567,49876543
1812,0,0,0,0,0,1000,5,5,24,0,0,0,0,0,0,0,0,0,0,0,0,0,7,521234567,49876543
2012,0,0,0,0,0,1000,3,3,24,0,0,0,0,0,0,0,0,0,0,0,0,0,7,521234567,49876543
2212,0,0,0,0,0,1000,2,2,24,0,0,0,0,0,0,0,0,0,0,0,0,0,7,521234567,49876543
2412,0,0,0,0,0,1000,1,1,24,0,0,0,0,0,0,0,0,0,0,0,0,0,7,521234567,49876543
2612,0,0,0,0,0,1000,1,1,24,0,0,0,0,0,0,0,0,0,0,0,0,0,7,521234567,49876543
2813,0,0,0,0,0,1000,0,0,24,0,0,0,0,0,0,0,0,0,0,0,0,0,7,521234567,49876543
3013,0,0,0,0,0,1000,0,0,24,0,0,0,0,0,0,0,0,13,13,13,13,1,7,521234567,49876543
3213,0,0,0,0,0,1000,0,0,24,0,0,0,0,0,0,0,0,13,13,13,13,1,7,521234567,49876543
3413,0,0,0,0,0,1000,0,0,24,0,0,0,0,0,0,0,0,13,13,13,13,1,7,521234567,49876543
3613,0,0,0,0,0,1000,0,0,24,0,0,0,0,0,0,0,0,13,13,13,13,1,7,521234567,49876543
3814,0,0,0,0,0,1000,0,0,24,0,0,0,0,0,0,0,0,13,13,13,13,1,7,521234567,49876543
4014,0,0,0,0,0,1000,0,0,24,0,0,0,0,579,0,0,0,147,147,147,147,1,7,521234567,49876543
4214,0,0,0,0,0,1000,0,0,26,0,0,0,0,579,0,0,0,148,147,147,147,1,7,521234567,49876689
4414,0,0,0,0,0,1000,0,0,82,34,0,0,0,579,0,0,0,147,147,147,147,1,7,521234567,49876835
4615,0,0,0,0,0,1000,0,0,135,99,0,0,0,579,0,0,0,147,147,147,147,1,7,521234567,49876981
4815,0,0,0,0,0,1000,0,0,184,197,0,0,0,579,0,0,0,147,147,147,147,1,7,521234567,49877127
5015,0,0,0,0,0,1000,0,0,230,297,0,0,0,579,0,0,0,147,147,147,147,1,7,521234567,49877273
5215,0,0,0,0,0,1000,0,0,273,395,0,0,0,579,0,0,0,147,147,147,147,1,7,521234567,49877420
5415,0,0,0,0,0,1000,0,0,314,526,0,0,0,579,0,0,0,147,147,147,147,1,7,521234567,49877566
5616,0,0,0,0,0,1000,0,0,351,691,0,0,0,579,0,0,0,147,147,147,147,1,7,521234567,49877712
5816,0,0,0,0,0,1000,0,0,387,822,0,0,0,579,0,0,0,147,147,147,148,1,7,521234567,49877858
6016,0,0,0,0,0,1000,0,0,420,1019,0,0,0,579,0,0,0,147,147,147,147,1,7,521234567,49878004
6216,0,0,0,0,0,1000,0,0,451,1216,0,0,0,579,0,0,0,147,147,147,147,1,7,521234567,49878151
6416,0,0,0,0,0,1000,0,0,480,1381,0,0,0,579,0,0,0,147,147,147,147,1,7,521234567,49878297
6617,0,0,0,0,0,1000,0,0,507,1577,0,0,0,579,0,0,0,147,147,147,147,1,7,521234567,49878443
6817,0,0,0,0,0,1000,0,0,532,1807,0,0,0,579,0,0,0,147,147,147,147,1,7,521234567,49878589
7017,0,-237,0,1,0,999,0,-1,556,2003,0,-300,0,579,0,-5,0,162,133,162,133,1,7,521234567,49878735
7217,0,-203,0,124,0,991,0,-71,578,2234,0,-300,0,579,0,0,0,149,145,149,145,1,7,521234567,49878883
7418,0,-61,0,165,0,985,0,-95,599,2464,0,-300,0,579,0,0,0,148,147,148,147,1,7,521234567,49879036
7618,0,-18,0,178,0,983,0,-102,618,2661,0,-300,0,579,0,0,0,148,147,148,147,1,7,521234567,49879198
7818,0,-5,0,181,0,982,0,-104,636,2923,0,-300,0,579,0,0,0,147,147,147,147,1,7,521234567,49879368
8018,0,-1,0,182,0,982,0,-105,653,3154,0,-300,0,579,0,0,0,147,147,147,147,1,7,521234567,49879546
8218,0,0,0,182,0,982,0,-105,669,3383,0,-300,0,579,0,0,0,147,147,147,147,1,7,521234567,49879731
8419,0,0,0,182,0,982,0,-105,684,3646,0,-300,0,579,0,0,0,147,147,147,147,1,7,521234567,49879921
8619,0,0,0,182,0,982,0,-105,698,3909,0,-300,0,579,0,0,0,147,147,147,147,1,7,521234567,49880118
8819,0,0,0,182,0,982,0,-105,711,4139,0,-300,0,579,0,0,0,147,147,147,147,1,7,521234567,49880320
9019,0,0,0,182,0,982,0,-105,723,4402,0,-300,0,579,0,0,0,147,147,147,147,1,7,521234567,49880527
9219,0,0,0,182,0,982,0,-105,734,4664,0,-300,0,579,0,0,0,147,147,147,147,1,7,521234567,49880738
9420,0,0,0,182,0,982,0,-105,745,4894,0,-300,0,579,0,0,0,147,147,147,147,1,7,521234567,49880952
9620,0,0,0,182,0,982,0,-105,755,5190,0,-300,0,579,0,0,0,147,147,147,147,1,7,521234567,49881170
9820,0,0,0,182,0,982,0,-105,764,5453,0,-300,0,579,0,0,0,147,147,147,147,1,7,521234567,49881391
10020,0,0,0,182,0,982,0,-105,773,5683,0,-300,0,579,0,0,0,147,147,147,147,1,7,521234567,49881616
10221,0,0,0,182,0,982,0,-105,781,5978,0,-300,0,579,0,0,0,147,147,147,147,1,7,521234567,49881841
10421,0,0,0,182,0,982,0,-105,789,6242,0,-300,0,579,0,0,0,147,147,147,147,1,7,521234567,49882071
10621,0,0,0,182,0,982,0,-105,796,6504,0,-300,0,579,0,0,0,147,147,147,147,1,7,521234566,49882302
10821,0,0,0,182,0,982,0,-105,803,6766,0,-300,0,579,0,0,0,147,147,147,147,1,7,521234566,49882535
11021,0,0,0,182,0,982,0,-105,809,7063,0,-300,0,579,0,0,0,147,147,147,147,1,7,521234566,49882770
11222,0,0,0,182,0,982,0,-105,815,7358,0,-300,0,579,0,0,0,147,148,147,147,1,7,521234566,49883005
11422,0,0,0,182,0,982,0,-105,820,7588,0,-300,0,579,0,0,0,147,147,147,147,1,7,521234566,49883243
11622,0,0,0,182,0,982,0,-105,826,7883,0,-300,0,579,0,0,0,147,147,147,147,1,7,521234566,49883482
11822,0,0,0,182,0,982,0,-105,830,8180,0,-300,0,579,0,0,0,147,147,147,147,1,7,521234565,49883722
12022,0,0,0,182,0,982,0,-105,835,8409,0,-300,0,579,0,0,0,147,147,147,147,1,7,521234565,49883963
12223,0,0,0,181,0,982,0,-104,839,8705,0,-300,0,579,0,0,0,147,147,148,147,1,7,521234565,49884204
12423,0,0,0,182,0,982,0,-104,843,9001,0,-300,0,579,0,0,0,147,147,147,147,1,7,521234565,49884447
12623,0,0,0,181,0,982,0,-104,847,9231,0,-300,0,579,0,0,0,147,148,147,147,1,7,521234565,49884691
12823,0,0,0,181,0,982,0,-104,850,9527,0,-300,0,579,0,0,0,147,147,147,147,1,7,521234564,49884935
13023,0,0,0,182,0,982,0,-104,853,9822,0,-300,0,579,0,0,0,147,147,147,147,1,7,521234564,49885180
13224,0,0,0,182,0,982,0,-105,856,10084,0,-300,0,579,0,0,0,147,147,148,147,1,7,521234564,49885425
13424,0,0,0,181,0,982,0,-104,859,10348,0,-300,0,579,0,0,0,147,147,147,147,1,7,521234564,49885671
13624,0,0,0,181,0,982,0,-104,862,10643,0,-300,0,579,0,0,0,147,147,147,147,1,7,521234564,49885917
13824,0,0,0,181,0,982,0,-104,864,10906,0,-300,0,579,0,0,0,147,147,147,147,1,7,521234563,49886164
14025,0,0,0,182,0,982,0,-104,867,11201,0,-300,0,579,0,0,0,147,147,147,147,1,7,521234563,49886410
14225,0,0,0,181,0,982,0,-104,869,11497,0,-300,0,579,0,0,0,147,147,147,147,1,7,521234563,49886658
14425,0,0,0,182,0,982,0,-104,871,11728,0,-300,0,579,0,0,0,148,147,147,147,1,7,521234563,49886906
14625,0,0,0,181,0,982,0,-104,873,12023,0,-300,0,579,0,0,0,147,148,147,147,1,7,521234562,49887154
14825,0,0,0,181,0,982,0,-104,875,12319,0,-300,0,579,0,0,0,147,147,147,147,1,7,521234562,49887403
15026,0,0,0,182,0,982,0,-104,876,12581,0,-300,0,579,0,0,0,147,147,148,147,1,7,521234562,49887650
15226,0,0,0,181,0,982,0,-104,878,12877,0,-300,0,579,0,0,0,147,147,147,147,1,7,521234561,49887899
15426,0,0,0,181,0,982,0,-104,879,13173,0,-300,0,579,0,0,0,147,147,147,147,1,7,521234561,49888148
15626,0,0,0,181,0,982,0,-104,881,13404,0,-300,0,579,0,0,0,147,147,147,147,1,7,521234561,49888397
15826,0,0,0,182,0,982,0,-104,882,13699,0,-300,0,579,0,0,0,147,147,147,148,1,7,521234561,49888647
16027,0,0,0,181,0,982,0,-104,883,13994,0,-300,0,579,0,0,0,147,147,147,148,1,7,521234560,49888895
16227,0,0,0,181,0,982,0,-104,884,14257,0,-300,0,579,0,0,0,148,147,147,147,1,7,521234560,49889145
16427,0,0,0,181,0,982,0,-104,885,14554,0,-300,0,579,0,0,0,147,147,147,148,1,7,521234560,49889395
16627,0,0,0,181,0,982,0,-104,886,14849,0,-300,0,579,0,0,0,147,147,147,148,1,7,521234559,49889644
16828,0,0,0,182,0,982,0,-104,887,15078,0,-300,0,579,0,0,0,147,147,147,147,1,7,521234559,49889893
17028,0,0,0,181,0,982,0,-104,888,15375,0,-300,0,579,0,0,0,147,147,147,147,1,7,521234559,49890143
17228,0,0,0,181,0,982,0,-104,889,15671,0,-300,0,579,0,0,0,147,147,147,148,1,7,521234558,49890393
17428,0,0,0,182,0,982,0,-104,890,15933,0,-300,0,579,0,0,0,147,147,147,148,1,7,521234558,49890644
17628,0,0,0,181,0,982,0,-104,890,16229,0,-300,0,579,0,0,0,147,147,147,148,1,7,521234558,49890894
17829,0,0,0,182,0,982,0,-104,891,16492,0,-300,0,579,0,0,0,147,147,147,148,1,7,521234557,49891143
18029,0,0,0,181,0,982,0,-104,892,16755,0,-300,0,579,0,0,0,148,147,147,147,1,7,521234557,49891393
18229,0,0,0,181,0,982,0,-104,892,17050,0,-300,0,579,0,0,0,147,147,147,147,1,7,521234557,49891644
18429,0,0,0,182,0,982,0,-104,893,17346,0,-300,0,579,0,0,0,147,147,147,147,1,7,521234556,49891894
18629,0,0,0,181,0,982,0,-104,893,17609,0,-300,0,579,0,0,0,147,147,147,147,1,7,521234556,49892145
18830,0,0,0,182,0,982,0,-104,894,17905,0,-300,0,579,0,0,0,147,147,147,147,1,7,521234555,49892394
19030,0,0,0,181,0,982,0,-104,894,18168,0,-300,0,579,0,0,0,147,147,147,147,1,7,521234555,49892645
19230,0,0,0,181,0,982,0,-104,895,18431,0,-300,0,579,0,0,0,147,147,147,148,1,7,521234555,49892895
19430,0,0,0,182,0,982,0,-104,895,18727,0,-300,0,579,0,0,0,148,147,147,147,1,7,521234554,49893146
19631,0,0,0,181,0,982,0,-104,895,19022,0,-300,0,579,0,0,0,148,147,147,147,1,7,521234554,49893395
19831,0,0,0,181,0,982,0,-104,896,19285,0,-300,0,579,0,0,0,148,147,147,147,1,7,521234554,49893646
20031,0,0,0,182,0,982,0,-104,896,19581,0,-300,0,579,0,0,0,147,147,147,148,1,7,521234553,49893897
20231,0,0,0,181,0,982,0,-104,896,19844,0,-300,0,579,0,0,0,148,147,147,147,1,7,521234553,49894148
20431,0,0,0,181,0,982,0,-104,897,20106,0,-300,0,579,0,0,0,147,147,147,147,1,7,521234553,49894398
20632,0,0,0,182,0,982,0,-104,897,20403,0,-300,0,579,0,0,0,147,147,147,147,1,7,521234552,49894648
20832,0,0,0,181,0,982,0,-104,897,20699,0,-300,0,579,0,0,0,148,147,147,147,1,7,521234552,49894898
21032,0,0,0,182,0,982,0,-104,897,20994,0,-300,0,579,0,0,0,147,147,147,147,1,7,521234551,49895149
21232,0,0,0,181,0,982,0,-104,898,21224,0,-300,0,579,0,0,0,147,147,147,147,1,7,521234551,49895400
21432,0,0,0,181,0,982,0,-104,898,21520,0,-300,0,579,0,0,0,148,147,147,147,1,7,521234551,49895651
21633,0,0,0,182,0,982,0,-104,898,21816,0,-300,0,579,0,0,0,147,147,147,147,1,7,521234550,49895901
21833,0,0,0,181,0,982,0,-104,898,22078,0,-300,0,579,0,0,0,147,147,147,148,1,7,521234550,49896152
22033,0,0,0,181,0,982,0,-104,898,22374,0,-300,0,579,0,0,0,147,147,147,148,1,7,521234550,49896403
22233,0,0,0,182,0,982,0,-104,899,22670,0,-300,0,579,0,0,0,147,147,147,148,1,7,521234549,49896653
22434,182,832,-554,-260,21,964,12,151,1012,22900,0,-300,0,579,0,2,-19,149,65,54,165,3,7,521234549,49896901
22634,-193,259,-748,-423,11,905,7,251,863,23064,0,-300,0,579,-1,0,-8,143,104,94,141,3,7,521234549,49897128
22834,-323,14,603,-462,-81,883,-47,275,739,23162,0,-300,0,579,-1,0,15,85,166,160,79,3,7,521234548,49897326
23034,179,57,743,-476,-99,874,-60,284,891,23195,0,-300,0,579,1,0,8,100,144,149,108,3,7,521234547,49897493
23234,388,-14,-616,-486,-3,873,-5,290,1017,23195,0,-300,0,579,1,0,-15,164,85,95,172,3,7,521234548,49897633
23435,-106,14,-746,-488,32,871,17,292,865,23162,0,-300,0,579,0,0,-8,157,114,110,153,3,7,521234552,49897746
23635,-365,-59,-758,-485,-44,872,-26,290,718,23129,0,-300,0,579,-1,0,-8,162,116,109,150,3,7,521234554,49897837
23835,-419,-186,621,-452,-175,877,-104,268,587,23096,0,-300,0,579,-1,0,14,105,173,169,93,3,7,521234552,49897907
24035,90,60,734,-437,-224,875,-136,259,732,23063,0,-300,0,579,0,0,8,112,156,158,118,3,7,521234549,49897958
24235,366,91,746,-465,-150,874,-95,276,880,23030,0,-300,0,579,1,0,8,109,154,162,121,3,7,521234548,49897991
24436,396,10,759,-482,-15,875,-16,287,1031,22997,0,-300,0,579,1,0,8,111,154,164,120,3,7,521234551,49898010
24636,383,-95,769,-470,118,875,64,280,1184,22964,0,-300,0,579,1,0,8,113,154,165,119,3,7,521234558,49898015
24836,344,-206,779,-424,241,877,141,250,1339,22931,0,-300,0,579,1,-1,8,115,154,167,118,3,7,521234568,49898008
25036,491,-643,-598,-334,349,882,210,194,1474,22898,0,-300,0,579,2,-3,-14,178,87,119,173,3,7,521234581,49897990
25236,68,20,-717,-230,441,872,268,132,1333,22865,0,-300,0,579,0,0,-8,159,121,117,161,3,7,521234596,49897961
25437,-310,326,-657,-286,420,868,255,165,1188,22864,0,-300,0,579,-1,1,-7,155,127,109,154,3,7,521234605,49897924
25637,-499,292,264,-383,309,877,188,224,1074,22864,0,-300,0,579,-2,1,5,125,158,140,119,3,7,521234606,49897878
25837,-183,100,583,-437,212,878,133,257,1139,22832,0,-300,0,579,0,0,7,123,162,156,122,3,7,521234601,49897826
26037,144,-77,393,-441,209,876,132,260,1254,22832,0,-300,0,579,0,0,3,126,143,150,128,3,7,521234596,49897767
26238,214,-165,99,-408,265,879,166,239,1327,22831,0,-300,0,579,1,0,0,135,133,143,136,3,7,521234593,49897700
26438,134,-120,-68,-368,316,881,197,214,1342,22831,0,-300,0,579,0,0,-1,139,131,136,140,3,7,521234593,49897628
26638,36,-29,-85,-346,341,881,212,201,1327,22798,0,-300,0,579,0,0,0,144,138,139,144,3,7,521234595,49897550
26838,-28,29,-26,-345,344,880,213,200,1310,22798,0,-300,0,579,0,0,0,138,138,136,138,3,7,521234596,49897467
27038,-24,21,34,-354,336,880,208,205,1319,22831,0,-300,0,579,0,0,0,132,134,135,132,3,7,521234596,49897378
27239,85,-103,80,-335,352,881,218,194,1416,22798,0,-300,0,579,0,0,0,138,141,146,139,3,7,521234595,49897287
27439,92,-131,175,-288,386,882,239,166,1516,22798,0,-300,0,579,0,0,2,133,140,146,132,3,7,521234593,49897190
27639,79,-127,329,-231,418,882,257,133,1628,22831,0,-300,0,579,0,0,3,123,140,145,122,3,7,521234588,49897091
27839,81,-146,505,-168,447,881,274,96,1761,22798,0,-300,0,579,0,0,5,127,154,159,126,3,7,521234581,49896990
28039,53,-192,668,-91,471,877,287,51,-1680,22830,0,-300,0,579,0,0,7,115,149,155,112,3,7,521234570,49896886
28240,15,-254,773,4,480,876,291,-3,-1504,22798,0,-300,0,579,0,-1,8,122,160,166,116,3,7,521234557,49896782
28440,-53,-293,784,115,471,875,284,-66,-1322,22830,0,-300,0,579,0,-1,8,115,153,158,107,3,7,521234542,49896675
28640,-129,-277,792,225,437,875,262,-130,-1151,22797,0,-300,0,579,0,-1,8,119,158,161,110,3,7,521234525,49896566
28840,-206,-234,800,319,377,876,227,-186,-990,22797,0,-300,0,579,0,0,8,120,160,161,110,3,7,521234508,49896455
29041,-271,-173,807,392,294,878,178,-230,-837,22830,0,-300,0,579,-1,0,9,115,157,154,105,3,7,521234491,49896342
29241,-316,-102,791,440,192,880,120,-260,-693,22797,0,-300,0,579,-1,0,8,123,166,161,114,3,7,521234475,49896227
29441,-326,-25,697,464,81,882,55,-276,-563,22829,0,-300,0,579,-1,0,7,117,157,149,110,3,7,521234461,49896109
29641,-287,43,593,464,-22,884,-6,-276,-458,22829,0,-300,0,579,-1,0,6,122,157,149,118,3,7,521234450,49895992
29841,-229,90,489,447,-108,888,-59,-265,-379,22796,0,-300,0,579,0,0,5,129,159,151,127,3,7,521234441,49895874
30042,-167,105,382,421,-171,893,-100,-248,-324,22829,0,-300,0,579,0,0,4,123,146,141,121,3,7,521234434,49895756
30242,-123,107,273,393,-215,897,-128,-231,-293,22796,0,-300,0,579,0,0,2,133,151,146,134,3,7,521234430,49895639
30442,-84,84,165,367,-244,901,-147,-215,-284,22829,0,-300,0,579,0,0,1,129,140,136,129,3,7,521234427,49895522
30642,-56,57,62,350,-261,903,-158,-204,-295,22828,0,-300,0,579,0,0,0,135,139,137,135,3,7,521234427,49895406
30842,-33,31,-30,341,-268,904,-164,-199,-325,22796,0,-300,0,579,0,0,0,142,141,139,142,3,7,521234429,49895292
31043,-6,-2,-109,341,-268,904,-164,-199,-369,22828,0,-300,0,579,0,0,-1,136,129,130,136,3,7,521234433,49895179
31243,17,-24,-174,350,-258,904,-159,-204,-424,22795,0,-300,0,579,0,0,-2,146,135,136,146,3,7,521234438,49895066
31443,51,-48,-224,364,-241,903,-149,-213,-488,22828,0,-300,0,579,0,0,-2,140,126,128,140,3,7,521234443,49894955
31643,73,-53,-265,383,-214,901,-133,-224,-556,22828,0,-300,0,579,0,0,-3,144,128,130,144,3,7,521234450,49894844
31844,92,-52,-297,401,-180,900,-113,-236,-628,22795,0,-300,0,579,0,0,-3,150,131,135,150,3,7,521234456,49894734
32044,108,-46,-320,418,-141,898,-90,-246,-700,22827,0,-300,0,579,0,0,-3,145,126,129,147,3,7,521234464,49894625
32244,116,-34,-335,431,-98,896,-65,-255,-772,22795,0,-300,0,579,0,0,-3,150,130,133,152,3,7,521234471,49894515
32444,125,-21,-339,440,-53,895,-38,-261,-842,22827,0,-300,0,579,0,0,-3,141,122,125,144,3,7,521234478,49894406
32644,126,-6,-330,445,-7,895,-10,-264,-907,22827,0,-300,0,579,0,0,-3,144,125,129,147,3,7,521234485,49894297
32845,117,7,-312,444,36,894,17,-264,-967,22794,0,-300,0,579,0,0,-3,149,131,134,152,3,7,521234492,49894188
33045,114,20,-282,440,76,895,42,-261,-1019,22827,0,-300,0,579,0,0,-3,139,124,126,142,3,7,521234498,49894079
33245,100,29,-242,432,112,895,65,-256,-1062,22794,0,-300,0,579,0,0,-2,146,133,135,150,3,7,521234504,49893969
33445,88,34,-195,423,143,895,85,-250,-1095,22826,0,-300,0,579,0,0,-2,137,127,129,141,3,7,521234508,49893860
33645,75,34,-144,413,168,896,102,-244,-1117,22826,0,-300,0,579,0,0,-1,139,132,133,142,3,7,521234511,49893750
33846,51,26,-96,404,187,897,114,-238,-1128,22826,0,-300,0,579,0,0,-1,135,131,131,137,3,7,521234514,49893641
34046,38,19,-49,398,199,897,122,-234,-1129,22826,0,-300,0,579,0,0,0,137,135,136,139,3,7,521234515,49893531
34246,21,9,-7,395,206,898,127,-232,-1122,22793,0,-300,0,579,0,0,0,141,141,141,142,3,7,521234515,49893422
34446,3,0,29,395,208,897,129,-232,-1108,22826,0,-300,0,579,0,0,0,132,134,133,132,3,7,521234515,49893312
34647,-6,-6,62,397,204,897,127,-233,-1088,22793,0,-300,0,579,0,0,0,140,143,143,139,3,7,521234514,49893202
34847,-20,-13,90,401,197,897,123,-236,-1063,22826,0,-300,0,579,0,0,1,131,136,136,130,3,7,521234513,49893093
35047,-32,-18,112,407,185,896,116,-239,-1035,22825,0,-300,0,579,0,0,1,134,140,140,133,3,7,521234511,49892983
35247,-38,-19,129,414,170,896,108,-244,-1005,22793,0,-300,0,579,0,0,1,138,145,145,137,3,7,521234509,49892873
35447,-48,-20,141,420,154,895,98,-248,-974,22825,0,-300,0,579,0,0,1,133,141,140,132,3,7,521234507,49892763
35648,-51,-18,148,427,135,895,87,-252,-943,22792,0,-300,0,579,0,0,1,138,146,145,136,3,7,521234504,49892654
35848,-59,-16,149,433,115,895,75,-256,-913,22825,0,-300,0,579,0,0,1,130,138,137,128,3,7,521234502,49892543
36048,-55,-13,147,437,94,894,62,-259,-884,22824,0,-300,0,579,0,0,1,134,141,140,131,3,7,521234499,49892433
36248,-51,-10,140,441,75,894,50,-262,-858,22792,0,-300,0,579,0,0,1,138,146,145,137,3,7,521234497,49892323
36448,-55,-6,128,444,57,894,39,-263,-835,22824,0,-300,0,579,0,0,1,130,137,136,129,3,7,521234495,49892212
36649,-47,-3,112,446,40,894,28,-264,-815,22824,0,-300,0,579,0,0,1,134,140,139,133,3,7,521234493,49892102
36849,-45,0,93,446,25,894,18,-265,-800,22824,0,-300,0,579,0,0,1,135,141,140,135,3,7,521234492,49891992
37049,-35,0,72,446,12,894,10,-265,-790,22824,0,-300,0,579,0,0,0,135,139,138,134,3,7,521234491,49891881
37249,-28,1,50,446,2,894,4,-265,-784,22792,0,-300,0,579,0,0,0,140,143,142,140,3,7,521234490,49891771
37449,-24,2,28,445,-3,894,0,-265,-782,22824,0,-300,0,579,0,0,0,133,135,134,133,3,7,521234490,49891660
37650,-15,1,7,445,-8,895,-4,-264,-785,22824,0,-300,0,579,0,0,0,136,137,136,136,3,7,521234491,49891550
37850,-8,1,-9,444,-10,895,-5,-264,-791,22791,0,-300,0,579,0,0,0,141,141,141,141,3,7,521234492,49891440
38050,2,0,-23,444,-9,895,-5,-264,-800,22824,0,-300,0,579,0,0,0,134,133,133,134,3,7,521234493,49891330
38250,9,-1,-34,444,-5,895,-3,-264,-811,22823,0,-300,0,579,0,0,0,137,136,136,138,3,7,521234494,49891219
38451,14,-1,-43,444,0,895,0,-264,-823,22791,0,-300,0,579,0,0,0,142,140,140,143,3,7,521234495,49891110
38651,15,0,-53,444,5,895,3,-264,-836,22823,0,-300,0,579,0,0,0,135,132,132,135,3,7,521234497,49891000
38851,15,0,-60,444,12,895,7,-264,-850,22823,0,-300,0,579,0,0,0,138,135,135,138,3,7,521234499,49890890
39051,18,0,-64,444,20,895,11,-264,-864,22791,0,-300,0,579,0,0,0,143,139,140,143,3,7,521234501,49890780
39251,21,1,-64,444,27,895,16,-263,-878,22823,0,-300,0,579,0,0,0,135,131,132,135,3,7,521234502,49890670
39452,24,1,-60,443,36,895,21,-263,-890,22823,0,-300,0,579,0,0,0,138,135,135,138,3,7,521234504,49890561
39652,21,1,-54,442,44,895,27,-263,-902,22790,0,-300,0,579,0,0,0,143,140,140,143,3,7,521234506,49890451
39852,22,1,-46,442,51,895,31,-262,-911,22823,0,-300,0,579,0,0,0,134,132,132,135,3,7,521234507,49890342
40052,20,1,-39,441,59,895,36,-262,-918,22823,0,-300,0,579,0,0,0,138,135,136,138,3,7,521234508,49890232
40252,12,1,-32,440,64,895,40,-261,-924,22790,0,-300,0,579,0,0,0,142,140,141,142,3,7,521234509,49890123
40453,10,1,-25,440,68,895,42,-261,-928,22823,0,-300,0,579,0,0,0,134,133,133,134,3,7,521234510,49890013
40653,8,1,-17,439,71,895,45,-261,-930,22822,0,-300,0,579,0,0,0,137,136,136,138,3,7,521234511,49889904
40853,1,0,-10,439,73,895,46,-260,-931,22790,0,-300,0,579,0,0,0,142,141,141,141,3,7,521234512,49889794
41053,7,0,-1,439,74,895,46,-260,-930,22822,0,-300,0,579,0,0,0,133,133,133,133,3,7,521234512,49889685
41254,-3,0,6,439,75,895,47,-260,-928,22822,0,-300,0,579,0,0,0,137,137,137,136,3,7,521234513,49889575
41454,-1,0,13,439,73,895,46,-260,-925,22822,0,-300,0,579,0,0,0,137,138,138,137,3,7,521234513,49889466
41654,-6,-1,19,439,72,895,46,-261,-920,22822,0,-300,0,579,0,0,0,136,137,137,136,3,7,521234513,49889356
41854,-7,-1,23,440,69,895,44,-261,-915,22789,0,-300,0,579,0,0,0,137,138,138,136,3,7,521234513,49889246
42054,-11,-1,26,440,65,895,42,-261,-909,22822,0,-300,0,579,0,0,0,133,135,134,133,3,7,521234513,49889136
42255,-9,-2,30,441,62,895,39,-262,-903,22822,0,-300,0,579,0,0,0,136,138,137,136,3,7,521234513,49889027
42455,-14,-1,31,441,58,895,37,-262,-897,22822,0,-300,0,579,0,0,0,136,137,138,136,3,7,521234513,49888917
42655,-9,-2,32,442,53,895,34,-262,-891,22789,0,-300,0,579,0,0,0,141,143,142,141,3,7,521234513,49888807
42855,-14,-1,31,443,49,895,32,-263,-885,22822,0,-300,0,579,0,0,0,136,138,137,136,3,7,521234513,49888697
43055,-15,-1,28,443,45,895,29,-263,-880,22822,0,-300,0,579,0,0,0,136,137,137,136,3,7,521234513,49888588
43256,-10,-1,26,443,41,895,26,-263,-876,22822,0,-300,0,579,0,0,0,137,138,138,137,3,7,521234513,49888478
43456,-9,0,23,444,37,895,24,-263,-873,22822,0,-300,0,579,0,0,0,136,137,137,136,3,7,521234513,49888368
43656,-7,0,20,444,34,895,22,-263,-870,22789,0,-300,0,579,0,0,0,141,142,142,140,3,7,521234513,49888259
43856,-10,-1,15,444,32,895,21,-264,-868,22821,0,-300,0,579,0,0,0,133,134,134,133,3,7,521234513,49888149
44057,-8,0,9,444,29,895,19,-264,-867,22821,0,-300,0,579,0,0,0,136,137,137,136,3,7,521234513,49888039
44257,-4,0,6,444,27,895,18,-264,-867,22788,0,-300,0,579,0,0,0,137,137,137,137,3,7,521234514,49887930
44457,-4,0,3,444,26,895,17,-264,-868,22821,0,-300,0,579,0,0,0,134,134,134,134,3,7,521234514,49887820
44657,-2,0,0,444,26,895,17,-264,-869,22820,0,-300,0,579,0,0,0,137,137,137,137,3,7,521234515,49887710
44857,-1,0,-3,444,26,895,16,-264,-871,22787,0,-300,0,579,0,0,0,137,137,137,137,3,7,521234515,49887600
45058,1,0,-4,444,26,895,17,-264,-873,22820,0,-300,0,579,0,0,0,133,133,134,134,3,7,521234516,49887491
45258,0,0,-7,444,27,895,17,-264,-876,22820,0,-300,0,579,0,0,0,137,136,137,137,3,7,521234516,49887382
45458,1,0,-9,444,28,895,18,-264,-878,22787,0,-300,0,579,0,0,0,141,141,141,142,3,7,521234517,49887272
45658,1,0,-10,444,29,895,18,-264,-881,22819,0,-300,0,579,0,0,0,134,133,133,134,3,7,521234518,49887162
45858,1,0,-11,444,30,895,19,-263,-884,22819,0,-300,0,579,0,0,0,137,136,136,137,3,7,521234519,49887053
46059,6,0,-10,444,32,895,20,-263,-887,22819,0,-300,0,579,0,0,0,137,136,137,137,3,7,521234519,49886944
46259,0,0,-10,443,33,895,21,-263,-889,22787,0,-300,0,579,0,0,0,142,141,141,142,3,7,521234520,49886834
46459,4,0,-9,443,34,895,21,-263,-891,22819,0,-300,0,579,0,0,0,137,137,136,137,3,7,521234521,49886725
46659,2,0,-7,443,36,895,22,-263,-893,22819,0,-300,0,579,0,0,0,137,137,136,137,3,7,521234521,49886615
46859,1,0,-6,443,37,895,23,-263,-895,22819,0,-300,0,579,0,0,0,138,137,137,138,3,7,521234522,49886505
47060,-1,0,-5,443,37,895,23,-263,-896,22819,0,-300,0,579,0,0,0,137,137,136,137,3,7,521234523,49886396
47260,4,0,-2,443,37,895,23,-263,-897,22818,0,-300,0,579,0,0,0,137,137,137,137,3,7,521234523,49886287
47460,-2,0,0,443,38,895,24,-263,-897,22819,0,-300,0,579,0,0,0,137,138,137,138,3,7,521234524,49886177
47660,0,0,1,443,38,895,24,-263,-897,22819,0,-300,0,579,0,0,0,136,137,137,137,3,7,521234524,49886067
47861,-4,0,3,443,38,895,24,-263,-897,22818,0,-300,0,579,0,0,0,137,137,137,137,3,7,521234525,49885958
48061,1,-1,5,443,37,895,23,-263,-896,22786,0,-300,0,579,0,0,0,141,142,141,141,3,7,521234525,49885849
48261,-2,0,6,443,37,895,23,-263,-895,22818,0,-300,0,579,0,0,0,133,134,134,133,3,7,521234525,49885739
48461,-4,-1,7,443,36,895,23,-263,-894,22818,0,-300,0,579,0,0,0,136,137,136,137,3,7,521234526,49885630
48661,-4,0,7,444,34,895,22,-263,-892,22818,0,-300,0,579,0,0,0,136,137,137,136,3,7,521234526,49885520
48862,-3,0,8,444,33,895,21,-263,-891,22818,0,-300,0,579,0,0,0,137,138,137,137,3,7,521234527,49885411
49062,-4,-1,9,444,32,895,20,-263,-890,22818,0,-300,0,579,0,0,0,136,137,137,137,3,7,521234527,49885302
49262,-2,0,9,444,30,895,19,-264,-888,22818,0,-300,0,579,0,0,0,136,137,137,136,3,7,521234527,49885192
49462,-8,0,9,444,29,895,19,-264,-887,22818,0,-300,0,579,0,0,0,137,138,138,137,3,7,521234528,49885083
49662,-1,0,9,444,27,895,17,-264,-886,22818,0,-300,0,579,0,0,0,136,137,137,136,3,7,521234528,49884973
49863,-4,0,8,444,27,895,17,-264,-885,22785,0,-300,0,579,0,0,0,137,138,138,137,3,7,521234528,49884864
50063,-5,0,7,444,25,895,16,-264,-884,22818,0,-300,0,579,0,0,0,133,134,134,133,3,7,521234529,49884755
50263,-4,0,6,444,24,895,15,-264,-883,22818,0,-300,0,579,0,0,0,137,137,137,136,3,7,521234529,49884645
50463,0,0,6,444,23,895,14,-264,-883,22818,0,-300,0,579,0,0,0,137,137,137,136,3,7,521234529,49884536
50664,-5,0,5,444,22,895,14,-264,-882,22817,0,-300,0,579,0,0,0,138,138,137,137,3,7,521234530,49884426
50864,-1,0,4,444,21,895,13,-264,-882,22817,0,-300,0,579,0,0,0,137,137,137,136,3,7,521234530,49884317
51064,-5,0,3,444,20,895,13,-264,-882,22785,0,-300,0,579,0,0,0,141,141,141,141,3,7,521234531,49884208
51264,0,0,3,444,20,895,12,-264,-883,22817,0,-300,0,579,0,0,0,133,133,134,133,3,7,521234531,49884098
51464,-3,0,2,444,20,895,12,-264,-883,22817,0,-300,0,579,0,0,0,137,137,137,137,3,7,521234532,49883989
51665,0,0,1,444,19,895,12,-264,-883,22817,0,-300,0,579,0,0,0,137,137,136,137,3,7,521234532,49883880
51865,-4,0,0,444,19,895,12,-264,-884,22785,0,-300,0,579,0,0,0,142,142,142,141,3,7,521234533,49883770
52065,1,0,1,444,18,895,11,-264,-884,22817,0,-300,0,579,0,0,0,133,133,133,133,3,7,521234533,49883661
52265,-3,0,0,444,19,895,11,-264,-885,22817,0,-300,0,579,0,0,0,137,137,137,136,3,7,521234534,49883551
52465,0,0,0,444,18,895,11,-264,-885,22817,0,-300,0,579,0,0,0,137,137,136,137,3,7,521234534,49883442
52666,-2,0,0,444,18,895,11,-264,-886,22817,0,-300,0,579,0,0,0,141,141,142,141,3,7,521234535,49883333
52866,0,0,0,444,18,895,11,-264,-887,22817,0,-300,0,579,0,0,0,137,136,137,137,3,7,521234535,49883223
53066,-1,0,0,444,18,895,11,-264,-887,22817,0,-300,0,579,0,0,0,137,136,137,137,3,7,521234536,49883114
53266,-1,0,-1,444,18,895,11,-264,-888,22784,0,-300,0,579,0,0,0,142,142,142,141,3,7,521234536,49883005
53467,0,0,0,444,18,895,11,-264,-888,22817,0,-300,0,579,0,0,0,133,133,133,132,3,7,521234537,49882895
53667,0,0,0,444,17,895,11,-264,-889,22817,0,-300,0,579,0,0,0,137,137,137,136,3,7,521234538,49882786
53867,0,0,1,444,18,895,11,-264,-889,22784,0,-300,0,579,0,0,0,141,141,141,142,3,7,521234538,49882677
54067,-3,0,1,444,17,895,11,-264,-889,22817,0,-300,0,579,0,0,0,133,134,133,134,3,7,521234539,49882568
54267,-1,0,3,444,17,895,10,-264,-889,22816,0,-300,0,579,0,0,0,136,137,137,137,3,7,521234539,49882458
54468,0,0,4,444,17,895,10,-264,-889,22816,0,-300,0,579,0,0,0,137,137,137,137,3,7,521234539,49882349
54668,-3,0,3,444,16,895,10,-264,-889,22783,0,-300,0,579,0,0,0,141,141,142,141,3,7,521234540,49882240
54868,-1,0,4,444,16,895,10,-264,-888,22816,0,-300,0,579,0,0,0,134,133,134,133,3,7,521234540,49882131
55068,-5,-1,3,444,15,895,9,-264,-888,22816,0,-300,0,579,0,0,0,137,137,136,137,3,7,521234541,49882021
55268,0,0,3,444,14,895,9,-264,-888,22816,0,-300,0,579,0,0,0,137,137,137,137,3,7,521234541,49881912
55469,-3,0,3,444,14,895,8,-264,-888,22783,0,-300,0,579,0,0,0,142,142,141,141,3,7,521234542,49881803
55669,-2,0,3,444,13,895,8,-264,-888,22816,0,-300,0,579,0,0,0,137,137,137,136,3,7,521234542,49881694
55869,-4,0,3,444,12,895,7,-264,-887,22816,0,-300,0,579,0,0,0,137,137,137,137,3,7,521234543,49881584
56069,0,0,4,444,11,895,7,-264,-887,22816,0,-300,0,579,0,0,0,137,137,137,137,3,7,521234543,49881475
56270,-3,0,4,444,11,895,7,-264,-887,22816,0,-300,0,579,0,0,0,133,134,133,133,3,7,521234544,49881365
56470,-2,0,4,444,10,895,6,-264,-886,22815,0,-300,0,579,0,0,0,137,137,137,136,3,7,521234544,49881257
56670,-4,0,4,444,9,895,6,-264,-886,22815,0,-300,0,579,0,0,0,137,137,137,136,3,7,521234545,49881147
56870,0,0,5,444,8,895,5,-264,-886,22816,0,-300,0,579,0,0,0,137,138,137,137,3,7,521234545,49881038
57070,-1,0,5,444,8,895,5,-264,-885,22816,0,-300,0,579,0,0,0,137,137,137,136,3,7,521234545,49880928
57271,-4,0,4,444,7,895,4,-264,-885,22815,0,-300,0,579,0,0,0,137,137,137,136,3,7,521234546,49880819
57471,-1,0,4,445,6,895,4,-264,-885,22815,0,-300,0,579,0,0,0,136,137,137,137,3,7,521234546,49880710
57671,-2,0,3,444,5,895,3,-264,-885,22815,0,-300,0,579,0,0,0,134,134,133,134,3,7,521234547,49880601
57871,0,0,3,444,5,895,3,-264,-885,22815,0,-300,0,579,0,0,0,137,137,137,137,3,7,521234547,49880491
58071,-4,0,1,444,4,895,3,-264,-885,22815,0,-300,0,579,0,0,0,137,137,137,137,3,7,521234548,49880382
58272,-2,0,1,444,4,895,2,-264,-885,22782,0,-300,0,579,0,0,0,141,142,141,141,3,7,521234548,49880273
58472,0,0,1,444,3,895,2,-264,-886,22815,0,-300,0,579,0,0,0,134,134,134,133,3,7,521234549,49880164
58672,-1,-1,2,444,3,895,2,-264,-886,22815,0,-300,0,579,0,0,0,136,137,137,137,3,7,521234549,49880054
58872,-3,0,1,445,3,895,1,-264,-886,22815,0,-300,0,579,0,0,0,137,137,137,137,3,7,521234550,49879945
59072,-3,0,1,444,2,895,1,-264,-886,22782,0,-300,0,579,0,0,0,142,142,141,141,3,7,521234551,49879835
59273,0,0,3,444,1,895,1,-264,-886,22814,0,-300,0,579,0,0,0,134,133,134,133,3,7,521234551,49879727
59473,-2,0,3,445,1,895,1,-264,-886,22814,0,-300,0,579,0,0,0,137,137,137,137,3,7,521234552,49879617
59673,-1,0,4,445,1,895,0,-264,-886,22814,0,-300,0,579,0,0,0,137,137,137,136,3,7,521234552,49879508
59873,-3,0,4,444,0,895,0,-264,-886,22781,0,-300,0,579,0,0,0,141,141,141,141,3,7,521234552,49879398
60074,-2,0,3,445,0,895,0,-264,-886,22814,0,-300,0,579,0,0,0,134,133,134,133,3,7,521234553,49879289
60274,-4,0,1,444,0,895,0,-264,-886,22814,0,-300,0,579,0,0,0,137,137,137,137,3,7,521234554,49879180
60474,-2,0,3,444,0,895,0,-264,-886,22814,0,-300,0,579,0,0,0,136,137,137,137,3,7,521234554,49879071
60674,-2,0,2,444,-1,895,-1,-264,-886,22814,0,-300,0,579,0,0,0,136,137,137,137,3,7,521234555,49878961
60874,-1,0,4,444,-1,895,-1,-264,-886,22814,0,-300,0,579,0,0,0,138,138,138,137,3,7,521234555,49878852
61075,-4,-1,3,444,-2,895,-1,-264,-886,22781,0,-300,0,579,0,0,0,76,76,76,76,3,7,521234556,49878743
61275,-1,0,5,445,-2,895,-2,-264,-886,22683,0,-300,0,579,0,0,0,70,71,70,70,3,7,521234556,49878634
61475,-3,0,4,444,-3,895,-2,-264,-885,22352,0,-300,0,579,0,0,0,75,75,76,75,3,7,521234557,49878525
61675,-1,0,4,444,-4,895,-2,-264,-885,21992,0,-300,0,579,0,0,0,84,85,84,84,3,7,521234557,49878415
61875,-4,0,3,444,-4,895,-3,-264,-885,21466,0,-300,0,579,0,0,0,93,92,92,92,3,7,521234558,49878306
62076,3,235,4,421,-5,906,-3,-249,-885,20841,0,-300,0,579,0,0,0,85,89,85,89,3,7,521234558,49878197
62276,-1,0,2,388,-4,921,-3,-228,-885,20280,0,-300,0,579,0,0,0,103,103,103,102,3,7,521234559,49878088
62476,2,159,3,377,-4,925,-3,-221,-885,19558,0,-300,0,579,0,0,0,111,113,111,113,3,7,521234559,49877982
62676,1,201,-1,335,-4,941,-3,-196,-885,18867,0,-300,0,579,0,0,0,97,100,97,100,3,7,521234560,49877879
62877,3,182,-1,287,-3,957,-2,-166,-886,18241,0,-300,0,579,0,0,0,115,118,115,117,3,7,521234560,49877781
63077,-3,-107,-6,270,-3,962,-2,-157,-887,17519,0,-300,0,579,0,0,0,119,117,119,117,3,7,521234561,49877689
63277,2,62,-6,286,-3,958,-2,-166,-888,16796,0,-300,0,579,0,0,0,108,109,108,109,3,7,521234561,49877605
63477,0,-113,-10,289,-3,957,-2,-168,-890,16203,0,-300,0,579,0,0,0,120,117,119,118,3,7,521234562,49877528
63677,3,105,-7,300,-2,953,-1,-175,-892,15515,0,-300,0,579,0,0,0,119,120,118,121,3,7,521234562,49877456
63878,1,-65,-12,291,-1,956,-1,-169,-894,14856,0,-300,0,579,0,0,0,107,105,106,106,3,7,521234563,49877389
64078,3,139,-10,291,0,956,0,-169,-896,14266,0,-300,0,579,0,0,0,121,122,120,123,3,7,521234563,49877325
64278,1,-47,-14,274,0,961,0,-159,-899,13609,0,-300,0,579,0,0,0,123,121,123,122,3,7,521234564,49877266
64478,5,-108,-12,295,0,955,0,-172,-902,12984,0,-300,0,579,0,0,0,113,110,113,111,3,7,521234564,49877211
64678,2,155,-8,299,2,953,1,-174,-904,12426,0,-300,0,579,0,0,0,118,120,118,121,3,7,521234564,49877159
64879,1,-13,-16,276,3,960,2,-160,-906,11802,0,-300,0,579,0,0,0,117,116,115,116,3,7,521234565,49877110
65079,5,-76,-15,288,4,957,2,-167,-909,11144,0,-300,0,579,0,0,0,109,107,109,108,3,7,521234565,49877064
65279,0,173,-12,284,6,958,3,-165,-912,10619,0,-300,0,579,0,0,0,115,117,114,118,3,7,521234565,49877021
65479,2,-4,-23,256,6,966,3,-148,-916,9995,0,-300,0,579,0,0,0,117,115,115,116,3,7,521234566,49876980
65680,8,-75,-21,267,8,963,5,-155,-920,9371,0,-300,0,579,0,0,0,107,104,106,106,3,7,521234566,49876942
65880,-1,170,-16,262,10,964,6,-152,-924,8845,0,-300,0,579,0,0,0,121,123,120,124,3,7,521234566,49876907
66080,5,-7,-12,234,11,971,6,-135,-927,8222,0,-300,0,579,0,0,0,129,128,128,129,3,7,521234566,49876875
66280,34,-525,-7,294,16,955,9,-171,-929,7631,0,-300,0,579,0,-1,0,128,119,129,121,3,7,521234566,49876847
66480,12,-172,0,398,24,916,14,-234,-930,7172,0,-300,0,579,0,0,0,135,133,136,133,3,7,521234566,49876821
66681,-35,493,-50,373,21,927,13,-219,-933,6679,0,-300,0,579,0,1,0,135,140,131,142,3,7,521234567,49876791
66881,-23,435,-40,245,14,969,8,-142,-943,6220,0,-300,0,579,0,1,0,130,135,127,137,3,7,521234567,49876757
67081,7,51,-19,166,11,985,7,-96,-950,5858,0,-300,0,579,0,0,0,141,141,141,142,3,7,521234567,49876723
67281,56,-501,-12,216,20,976,11,-124,-953,5497,0,-300,0,579,0,-1,0,146,137,147,139,3,7,521234567,49876697
67481,18,-161,-4,317,32,947,18,-185,-955,5170,0,-300,0,579,0,0,0,135,134,136,134,3,7,521234567,49876676
67682,5,-53,-1,349,36,936,21,-204,-955,4907,0,-300,0,579,0,0,0,139,138,139,138,3,7,521234567,49876656
67882,1,-20,0,360,37,932,22,-211,-955,4677,0,-300,0,579,0,0,0,141,141,142,141,3,7,521234567,49876633
68082,-24,236,0,337,34,940,20,-197,-955,4448,0,-300,0,579,0,0,0,134,138,133,138,3,7,521234567,49876606
68282,-62,573,-49,233,22,971,14,-135,-958,4251,0,-300,0,579,0,1,0,135,142,131,143,3,7,521234567,49876576
68483,50,-318,-33,175,18,983,11,-101,-968,4088,0,-300,0,579,0,-1,0,143,135,142,138,3,7,521234567,49876548
68683,-31,-105,744,240,27,969,16,-139,-923,3956,0,-300,0,579,0,0,8,117,158,158,113,3,7,521234567,49876528
68883,-153,-20,756,260,-8,964,-4,-151,-773,3792,0,-300,0,579,0,0,8,118,161,157,114,3,7,521234568,49876511
69083,-183,43,767,256,-68,963,-39,-148,-620,3693,0,-300,0,579,0,0,8,114,159,154,112,3,7,521234569,49876495
69283,-174,99,777,231,-131,963,-76,-134,-466,3563,0,-300,0,579,0,0,8,114,161,154,113,3,7,521234573,49876481
69484,29,319,786,167,-167,971,-97,-96,-309,3432,0,-300,0,579,0,1,8,111,162,155,117,3,7,521234578,49876467
69684,-22,210,794,81,-168,981,-98,-46,-150,3366,0,-300,0,579,0,0,8,109,158,153,112,3,7,521234584,49876456
69884,-7,186,801,14,-174,984,-101,-8,8,3268,0,-300,0,579,0,0,8,109,158,154,113,3,7,521234592,49876448
70084,34,176,808,-46,-168,984,-97,26,169,3170,0,-300,0,579,0,0,9,112,162,160,117,3,7,521234600,49876446
70284,84,156,814,-103,-147,983,-85,59,332,3071,0,-300,0,579,0,0,9,113,163,161,118,3,7,521234607,49876448
70485,129,125,820,-150,-110,982,-64,86,496,3005,0,-300,0,579,0,0,9,110,159,159,115,3,7,521234613,49876454
70685,166,87,825,-185,-59,980,-34,106,661,2907,0,-300,0,579,0,0,9,110,158,161,116,3,7,521234619,49876464
70885,189,34,829,-204,1,978,0,117,826,2842,0,-300,0,579,0,0,9,111,158,162,115,3,7,521234623,49876476
71085,197,-22,834,-204,68,976,39,117,993,2777,0,-300,0,579,0,0,9,108,155,160,111,3,7,521234626,49876490
71285,187,-80,837,-184,134,973,77,106,1160,2712,0,-300,0,579,0,0,9,110,155,161,111,3,7,521234628,49876505
71486,159,-137,841,-145,192,970,111,83,1329,2679,0,-300,0,579,0,0,9,111,155,162,111,3,7,521234628,49876520
71686,118,-182,844,-87,237,967,138,50,1497,2614,0,-300,0,579,0,0,9,112,156,163,110,3,7,521234627,49876535
71886,64,-206,764,-18,266,963,155,10,1658,2581,0,-300,0,579,0,0,6,122,148,154,118,3,7,521234625,49876549
72086,21,-174,545,47,278,958,161,-27,1773,2516,0,-300,0,579,0,0,4,131,148,152,128,3,7,521234621,49876561
72287,0,-142,496,101,280,954,163,-58,-1735,2483,0,-300,0,579,0,0,3,129,145,148,125,3,7,521234616,49876572
72487,-17,-126,509,146,275,950,160,-84,-1648,2451,0,-300,0,579,0,0,3,129,145,148,125,3,7,521234608,49876580
72687,-95,116,513,158,256,954,149,-91,-1559,2419,0,-300,0,579,0,0,3,117,138,135,115,3,7,521234600,49876585
72887,-84,-43,686,148,229,962,133,-85,-1458,2321,0,-300,0,579,0,0,5,113,138,137,110,3,7,521234589,49876587
73087,-104,-91,783,172,198,964,115,-99,-1340,2255,0,-300,0,579,0,0,6,114,143,143,108,3,7,521234580,49876587
73288,-132,-92,833,205,157,966,92,-118,-1211,2157,0,-300,0,579,0,0,9,109,155,153,104,3,7,521234572,49876587
73488,-163,-70,827,233,105,966,62,-135,-1070,2059,0,-300,0,579,0,0,7,113,150,148,108,3,7,521234566,49876586
73688,-171,-32,707,251,47,966,29,-145,-939,1927,0,-300,0,579,0,0,5,123,149,146,118,3,7,521234561,49876585
73888,-151,1,531,256,-7,966,-3,-148,-830,1796,0,-300,0,579,0,0,3,125,146,142,122,3,7,521234557,49876585
74088,-112,19,323,252,-53,965,-30,-146,-754,1666,0,-300,0,579,0,0,2,125,137,135,123,3,7,521234555,49876584
74289,-76,24,258,245,-85,965,-49,-142,-703,1534,0,-300,0,579,0,0,1,126,136,134,125,3,7,521234553,49876583
74489,-50,21,140,237,-107,965,-62,-137,-668,1403,0,-300,0,579,0,0,1,132,138,137,132,3,7,521234552,49876583
74689,-40,21,225,230,-121,965,-70,-133,-636,1272,0,-300,0,579,0,0,1,128,138,136,128,3,7,521234550,49876581
74889,-37,23,154,222,-135,965,-79,-128,-602,1141,0,-300,0,579,0,0,1,131,138,137,131,3,7,521234549,49876580
75090,-36,26,224,214,-146,965,-86,-124,-569,1043,0,-300,0,579,0,0,1,132,141,139,131,3,7,521234547,49876578
75290,-38,31,204,205,-159,965,-93,-118,-531,944,0,-300,0,579,0,0,1,134,142,140,134,3,7,521234545,49876577
75490,-37,34,225,194,-171,965,-101,-112,-492,813,0,-300,0,579,0,0,1,135,145,143,134,3,7,521234543,49876575
75690,-34,35,179,182,-184,965,-108,-105,-456,747,0,-300,0,579,0,0,1,133,141,139,133,3,7,521234542,49876573
75890,-31,35,206,170,-194,966,-114,-98,-422,682,0,-300,0,579,0,0,1,134,143,141,134,3,7,521234540,49876571
76091,-29,39,203,158,-205,966,-120,-91,-386,617,0,-300,0,579,0,0,1,135,144,142,135,3,7,521234538,49876569
76291,-27,40,193,145,-214,966,-125,-83,-350,552,0,-300,0,579,0,0,1,136,145,143,136,3,7,521234536,49876567
76491,-23,40,180,131,-222,966,-130,-75,-317,486,0,-300,0,579,0,0,1,133,141,139,133,3,7,521234534,49876565
76691,-21,41,203,117,-229,965,-134,-67,-283,453,0,-300,0,579,0,0,1,133,142,140,134,3,7,521234532,49876562
76891,-18,41,164,103,-236,965,-138,-59,-250,421,0,-300,0,579,0,0,1,134,141,140,135,3,7,521234530,49876560
77092,-14,37,143,90,-242,965,-141,-51,-222,389,0,-300,0,579,0,0,1,135,141,140,135,3,7,521234528,49876558
77292,-12,33,129,78,-246,965,-143,-44,-198,356,0,-300,0,579,0,0,0,135,141,140,136,3,7,521234526,49876556
77492,-9,31,126,67,-250,965,-145,-38,-175,324,0,-300,0,579,0,0,0,135,140,140,136,3,7,521234523,49876554
77692,0,-7,15,63,-251,965,-146,-36,-161,292,0,-300,0,579,0,0,0,0,0,0,0,0,7,521234521,49876551
77893,0,0,0,64,-251,965,-146,-37,-160,-4,0,-300,0,579,0,0,0,0,0,0,0,0,7,521234518,49876549
78093,0,0,0,64,-251,965,-146,-37,-160,-4,0,-300,0,579,0,0,0,0,0,0,0,0,7,521234518,49876549
78293,0,0,0,64,-251,965,-146,-37,-160,-4,0,-300,0,579,0,0,0,0,0,0,0,0,7,521234518,49876549
78493,0,0,0,64,-251,965,-146,-37,-160,-4,0,-300,0,579,0,0,0,0,0,0,0,0,7,521234518,49876549
78693,0,0,0,64,-251,965,-145,-37,-160,-4,0,-300,0,579,0,0,0,0,0,0,0,0,7,521234518,49876549
78894,0,0,0,64,-251,965,-145,-37,-160,-4,0,-300,0,579,0,0,0,0,0,0,0,0,7,521234518,49876549
79094,0,0,0,64,-251,965,-145,-37,-160,-4,0,-300,0,579,0,0,0,0,0,0,0,0,7,521234518,49876549
79294,0,0,0,64,-251,965,-145,-36,-160,-4,0,-300,0,579,0,0,0,0,0,0,0,0,7,521234518,49876549
79494,0,0,0,64,-251,965,-145,-36,-160,-4,0,0,0,549,0,0,0,0,0,0,0,0,7,521234518,49876549
79694,0,0,0,64,-251,965,-145,-36,-160,-3,0,0,0,549,0,0,0,0,0,0,0,0,7,521234518,49876549
79895,0,0,0,64,-251,965,-145,-36,-160,-3,0,0,0,549,0,0,0,0,0,0,0,0,7,521234518,49876549
80095,0,0,0,64,-251,965,-145,-36,-160,-3,0,0,0,549,0,0,0,0,0,0,0,0,7,521234518,49876549
80295,0,0,0,64,-251,965,-145,-36,-160,-3,0,0,0,549,0,0,0,0,0,0,0,0,7,521234518,49876549
80495,0,0,0,64,-251,965,-145,-36,-160,-3,0,0,0,549,0,0,0,0,0,0,0,0,7,521234518,49876549
80695,0,0,0,64,-251,965,-145,-36,-160,-3,0,0,0,549,0,0,0,0,0,0,0,0,7,521234518,49876549
80896,0,0,0,64,-251,965,-145,-36,-160,-3,0,0,0,549,0,0,0,0,0,0,0,0,7,521234518,49876549
81096,0,0,0,64,-251,965,-145,-36,-160,-3,0,0,0,549,0,0,0,0,0,0,0,0,7,521234518,49876549
81296,0,0,0,64,-251,965,-145,-36,-160,-3,0,0,0,549,0,0,0,0,0,0,0,0,7,521234518,49876549
81496,0,0,0,64,-251,965,-145,-36,-160,-3,0,0,0,549,0,0,0,0,0,0,0,0,7,521234518,49876549
81697,0,0,0,64,-251,965,-145,-36,-160,-3,0,0,0,549,0,0,0,0,0,0,0,0,7,521234518,49876549
81897,0,0,0,64,-251,965,-145,-36,-160,-3,0,0,0,549,0,0,0,0,0,0,0,0,7,521234518,49876549
82097,0,0,0,64,-251,965,-145,-36,-160,-3,0,0,0,549,0,0,0,0,0,0,0,0,7,521234518,49876549
82297,0,0,0,64,-251,965,-145,-36,-160,-3,0,0,0,549,0,0,0,0,0,0,0,0,7,521234518,49876549
82497,0,0,0,64,-251,965,-145,-36,-160,-3,0,0,0,549,0,0,0,0,0,0,0,0,7,521234518,49876549
82698,0,0,0,64,-251,965,-145,-36,-160,-3,0,0,0,549,0,0,0,0,0,0,0,0,7,521234518,49876549
82898,0,0,0,64,-251,965,-145,-36,-160,-3,0,0,0,549,0,0,0,0,0,0,0,0,7,521234518,49876549
83098,0,0,0,64,-251,965,-145,-36,-160,-3,0,0,0,549,0,0,0,0,0,0,0,0,7,521234518,49876549
83298,0,0,0,64,-251,965,-145,-36,-160,-3,0,0,0,549,0,0,0,0,0,0,0,0,7,521234518,49876549
ak> sim:  83811 ms  roll  -14.6 deg  pitch   -3.7 deg  motors 0.00 0.00 0.00 0.00
sim:  84811 ms  roll  -14.6 deg  pitch   -3.7 deg  motors 0.00 0.00 0.00 0.00
sim:  85811 ms  roll  -14.6 deg  pitch   -3.7 deg  motors 0.00 0.00 0.00 0.00
sim:  86811 ms  roll  -14.6 deg  pitch   -3.7 deg  motors 0.00 0.00 0.00 0.00
sim:  87811 ms  roll  -14.6 deg  pitch   -3.7 deg  motors 0.00 0.00 0.00 0.00
sim:  88811 ms  roll  -14.6 deg  pitch   -3.7 deg  motors 0.00 0.00 0.00 0.00
sim:  89811 ms  roll  -14.6 deg  pitch   -3.7 deg  motors 0.00 0.00 0.00 0.00
sim:  90811 ms  roll  -14.6 deg  pitch   -3.7 deg  motors 0.00 0.00 0.00 0.00
alive: 90811 ms, 89905 loops
sim:  91811 ms  roll  -14.6 deg  pitch   -3.7 deg  motors 0.00 0.00 0.00 0.00
sim:  92811 ms  roll  -14.6 deg  pitch   -3.7 deg  motors 0.00 0.00 0.00 0.00
sim:  93811 ms  roll  -14.6 deg  pitch   -3.7 deg  motors 0.00 0.00 0.00 0.00
sim:  94811 ms  roll  -14.6 deg  pitch   -3.7 deg  motors 0.00 0.00 0.00 0.00
sim:  95811 ms  roll  -14.6 deg  pitch   -3.7 deg  motors 0.00 0.00 0.00 0.00
sim:  96811 ms  roll  -14.6 deg  pitch   -3.7 deg  motors 0.00 0.00 0.00 0.00
sim:  97811 ms  roll  -14.6 deg  pitch   -3.7 deg  motors 0.00 0.00 0.00 0.00
sim:  98811 ms  roll  -14.6 deg  pitch   -3.7 deg  motors 0.00 0.00 0.00 0.00
sim:  99811 ms  roll  -14.6 deg  pitch   -3.7 deg  motors 0.00 0.00 0.00 0.00
sim: ok   the quadrotor flew away from home          147 m out at its furthest
sim: ok   and its yaw estimate had found the ground track by then the estimator's yaw was 0 deg from the track it was making when the link went
sim: ok   the navigator says the return engaged      the console reports it engaged
sim: ok   and a gyro that warmed up since the bench does not walk the heading away 5 dps of warmed-up bias; the heading walked 0 deg while parked
sim: ok   and brought it back over the ground it took off from closest approach 0 m of 136 m out; 1 m out when it first reached the hover height
sim: ok   then descended to the hover height it was told to hold at 3.5 m above home on arrival, 2.1 m four seconds later
sim: ok   and it came down over the ground it took off from the descent started 9.4 m from home at 22.3 m up
sim: ok   and it held its station over home while it settled averaged 0.5 m from home over 82 samples of the settle
sim: ok   and the blackbox carries the height and the yaw of the flight 412 records, height -0.0 to 23.2 m, yaw span 351 deg, last position 0 m from where the aircraft is
sim: ok   and where the flight ended, from the last record in it 412 records, height -0.0 to 23.2 m, yaw span 351 deg, last position 0 m from where the aircraft is
sim: ok   and it landed and stopped its motors there on the ground at 0.0 m, motors stopped at 0.3 m, 1 m from home
sim: ok   and stayed down - disarmed - when the receiver came back the later status says disarmed
sim: ok   and the flight mode it sent said RTH       DISARM
sim: ok   the handset asked who is on the link, and got one answer per ping 2 pings up the wire, 2 answers back, name "aerialkit-f405"
sim: ok   and the answer is the device-info frame a handset expects "aerialkit-f405", to 0xea from 0xc8, 0 parameters, version 1

sim: ---- 100 s of simulated flight ----
sim: 100000 ms, 99894 passes of the main loop
sim: ok   one pass of the loop is one millisecond    1.0011 ms per pass over 99894 passes
sim: ok   every radio byte reached the parser        54326 of 54326 bytes taken, ring dropped 0
sim: ok   the radio sent frames throughout           2089 frames of 26 bytes each
sim: ok   the gps stream reached the parser          496 gps frames, 0 bytes dropped
sim: ok   the position the gps sent is the position the firmware has looking for "52.1234567, 4.9876543" in the console: found
sim: ok   the aircraft armed and the mixer drove the motors motors turning 3013..77612 ms, up to 1.00
sim: PASS (0 checks failed)
