
AerialKit Firmware
  product:  aerialkit-f405
  board:    SIM / software in the loop
  rev:      879086d-dirty
  built:    Sep 18 2026 / 17:29:14
  clocks:   simulated, 160 MHz
  state:    no sensor drivers - the flight loop runs in failsafe

faults: none recorded
selftest:
  ok       squareroot of 9 is 3
  ok       atan2(1,1) is pi/4
  ok       quad hover is symmetric
  ok       quad roll right lifts the left pair
  ok       quad nose-up lifts the front pair
  ok       wing pitch moves both elevons together
  ok       wing roll moves the elevons opposite ways
  ok       wing yaw is differential thrust
  ok       estimator holds level when level
  ok       disarmed means motors at zero and servos centred
  ok       arm switch plus low throttle arms
  ok       armed, roll right lifts the left pair
  ok       RC loss stops the motors
  ok       failsafe is latched, not just this frame
  ok       failsafe holds until the arm switch is cycled
  ok       a wing arms the same way
  ok       a wing that loses its link circles down instead of stopping
  ok       and a link that comes back does not take it back mid-descent
  ok       and the ground disarms it
selftest: passed

imu:       configured for 1 kHz, gyro 2000 dps, accel 16 g
imu:       icm42688p
console: type 'help'
no saved configuration
preflight: the machine is what the firmware thinks it is
boot: ok
ak> sim:    632 ms  roll    0.0 deg  pitch    0.0 deg  motors 0.00 0.00 0.00 0.00
home: from the first fix while disarmed, 52.1234567, 4.9876543
set rth_enable 1
rth_enable = 1
ak> gyro: bias measured while disarmed: 0 0 0 mdps (500 samples, 0 rejected)
sim:   1631 ms  roll    0.0 deg  pitch    0.0 deg  motors 0.00 0.00 0.00 0.00
preflight
ok    console attached to the board's own port
ok    clock on the crystal, system 160 MHz, apb1 160 MHz
ok    tick advanced after 764 spins
ok    dshot 300 kHz, ARR 279, ccr 98/196, 1802 frames sent
ok    saved configuration: none stored
ok    no fault recorded since power on
ok    airframe 0: the quad-x mix and a quadrotor return
ok    outputs: 4 motors, 2 servos on this board, and the mix needs 4 and 0
--    gyro bias: measured (500 samples): 0 0 0 mdps
--    imu: icm42688p
--    baro: none fitted
--    rangefinder: none fitted
--    altitude: gps only
--    battery: none fitted on this board
--    receiver: 1534 bytes, 59 frames
--    gps: 600 bytes, 6 nav-pvt, 0 configure attempts
--    fix: type 3, 11 satellites, hacc 1200 mm - usable
--    return: ready, home set, 11 satellites
--    blackbox: 292 records
--    long log: 29 records in retained RAM
--    flash log: 5 records
--    link up, disarmed
--    launch: off - no channel
--    arm:       refused - the arm switch is off
preflight: the machine is what the firmware thinks it is
ak> baro
baro:      none fitted - altitude comes from the gps alone
ak> battery
battery:   none fitted on this board
adc:       simulated: 1.090 V at the pin behind a 11:1 divider
ak> sim:   2501 ms  arm switch on, throttle down
sim:   2631 ms  roll    0.0 deg  pitch    0.0 deg  motors 0.00 0.00 0.00 0.00
sim:   3631 ms  roll    0.0 deg  pitch    0.0 deg  motors 0.07 0.07 0.07 0.07
sim:   4001 ms  throttle up, climbing
sim:   4631 ms  roll    0.0 deg  pitch    0.0 deg  motors 0.59 0.59 0.59 0.59
sim:   5631 ms  roll    0.0 deg  pitch    0.0 deg  motors 0.59 0.59 0.59 0.59
sim:   6631 ms  roll    0.0 deg  pitch    0.0 deg  motors 0.59 0.59 0.59 0.59
sim:   7001 ms  nose down, flying out east
sim:   7631 ms  roll    0.0 deg  pitch  -10.3 deg  motors 0.59 0.59 0.59 0.59
sim:   8631 ms  roll    0.0 deg  pitch  -10.6 deg  motors 0.59 0.59 0.59 0.59
sim:   9631 ms  roll    0.0 deg  pitch  -10.5 deg  motors 0.59 0.59 0.59 0.59
sim:  10631 ms  roll    0.0 deg  pitch  -10.5 deg  motors 0.59 0.59 0.59 0.59
alive: 10631 ms, 9989 loops
sim:  11631 ms  roll    0.0 deg  pitch  -10.5 deg  motors 0.59 0.59 0.59 0.59
sim:  12631 ms  roll    0.0 deg  pitch  -10.5 deg  motors 0.59 0.59 0.59 0.59
sim:  13631 ms  roll    0.0 deg  pitch  -10.5 deg  motors 0.59 0.59 0.59 0.59
sim:  14631 ms  roll    0.0 deg  pitch  -10.5 deg  motors 0.59 0.59 0.59 0.59
sim:  15631 ms  roll    0.0 deg  pitch  -10.5 deg  motors 0.59 0.59 0.59 0.59
sim:  16631 ms  roll    0.0 deg  pitch  -10.5 deg  motors 0.59 0.59 0.59 0.59
sim:  17631 ms  roll    0.0 deg  pitch  -10.5 deg  motors 0.59 0.59 0.59 0.59
sim:  18631 ms  roll    0.0 deg  pitch  -10.5 deg  motors 0.59 0.59 0.59 0.59
sim:  19631 ms  roll    0.0 deg  pitch  -10.5 deg  motors 0.59 0.59 0.59 0.59
sim:  20631 ms  roll    0.0 deg  pitch  -10.5 deg  motors 0.59 0.59 0.59 0.59
alive: 20631 ms, 19979 loops
sim:  21631 ms  roll    0.0 deg  pitch  -10.5 deg  motors 0.59 0.59 0.59 0.59
sim:  22001 ms  receiver unplugged, 136 m out at 22.3 m, 9 m/s
sim:  22002 ms  135.7 m from home, 22.3 m up, mode ANGLE
sim:  22631 ms  roll    2.5 deg  pitch   25.0 deg  motors 0.62 0.47 0.44 0.62
sim:  23002 ms  143.2 m from home, 23.3 m up, mode RTH
sim:  23631 ms  roll   -0.3 deg  pitch   29.2 deg  motors 0.42 0.58 0.61 0.44
sim:  24002 ms  146.4 m from home, 23.1 m up, mode RTH
sim:  24631 ms  roll    7.2 deg  pitch   28.0 deg  motors 0.45 0.60 0.64 0.46
sim:  25002 ms  146.6 m from home, 22.9 m up, mode RTH
sim:  25631 ms  roll   19.3 deg  pitch   21.6 deg  motors 0.60 0.51 0.48 0.60
sim:  26002 ms  145.0 m from home, 22.8 m up, mode RTH
gps
gps:       12700 bytes, 127 messages, 127 NAV-PVT, 0 bad checksums, 0 bad lengths, 0 other
fix:       type 3 (ok), 11 satellites, pdop 1.23, hacc 1200 mm
usable:    yes (needs 6 satellites, has 11)
position:  52.1234600, 4.9897816
altitude:  142803 mm msl
motion:    2014 mm/s, course -98.-13563 deg
uart:      0 bytes dropped by the receive buffer
fixes:     127, valid now: yes
configure:  0 attempts
home:      145 m away, bearing -90.-14 deg
return:    engaged, 1 engagements, holding 142639 mm (quadrotor: climb, translate, settle profile)
link:      gone, returning enabled
ak> sim:  26631 ms  roll   20.1 deg  pitch   20.2 deg  motors 0.56 0.54 0.54 0.56
sim:  27002 ms  142.3 m from home, 22.8 m up, mode RTH
sim:  27631 ms  roll   24.5 deg  pitch   13.9 deg  motors 0.54 0.55 0.58 0.53
sim:  28002 ms  139.0 m from home, 22.8 m up, mode RTH
sim:  28631 ms  roll   26.4 deg  pitch  -11.6 deg  motors 0.49 0.63 0.64 0.44
sim:  29002 ms  135.2 m from home, 22.8 m up, mode RTH
sim:  29631 ms  roll   -0.2 deg  pitch  -27.8 deg  motors 0.48 0.64 0.62 0.46
sim:  30002 ms  131.2 m from home, 22.8 m up, mode RTH
sim:  30631 ms  roll  -15.0 deg  pitch  -20.7 deg  motors 0.53 0.57 0.57 0.53
alive: 30631 ms, 29968 loops
sim:  31002 ms  127.3 m from home, 22.8 m up, mode RTH
sim:  31631 ms  roll  -12.8 deg  pitch  -22.3 deg  motors 0.57 0.52 0.53 0.58
sim:  32002 ms  123.5 m from home, 22.8 m up, mode RTH
sim:  32631 ms  roll   -1.1 deg  pitch  -26.4 deg  motors 0.58 0.50 0.52 0.60
sim:  33002 ms  119.8 m from home, 22.8 m up, mode RTH
sim:  33631 ms  roll    9.4 deg  pitch  -24.6 deg  motors 0.57 0.53 0.53 0.57
sim:  34002 ms  116.0 m from home, 22.8 m up, mode RTH
sim:  34631 ms  roll   11.8 deg  pitch  -23.4 deg  motors 0.55 0.55 0.55 0.54
sim:  35002 ms  112.3 m from home, 22.8 m up, mode RTH
sim:  35631 ms  roll    8.0 deg  pitch  -25.3 deg  motors 0.54 0.57 0.56 0.53
sim:  36002 ms  108.5 m from home, 22.8 m up, mode RTH
sim:  36631 ms  roll    2.5 deg  pitch  -26.5 deg  motors 0.54 0.57 0.56 0.53
sim:  37002 ms  104.7 m from home, 22.8 m up, mode RTH
sim:  37631 ms  roll   -0.5 deg  pitch  -26.4 deg  motors 0.55 0.55 0.55 0.55
sim:  38002 ms  101.0 m from home, 22.8 m up, mode RTH
sim:  38631 ms  roll    0.1 deg  pitch  -26.4 deg  motors 0.55 0.54 0.55 0.56
sim:  39002 ms  97.2 m from home, 22.8 m up, mode RTH
sim:  39631 ms  roll    2.4 deg  pitch  -26.3 deg  motors 0.56 0.54 0.54 0.56
sim:  40002 ms  93.5 m from home, 22.8 m up, mode RTH
sim:  40631 ms  roll    4.1 deg  pitch  -26.1 deg  motors 0.55 0.55 0.55 0.55
alive: 40631 ms, 39958 loops
sim:  41002 ms  89.7 m from home, 22.8 m up, mode RTH
sim:  41631 ms  roll    4.2 deg  pitch  -26.1 deg  motors 0.55 0.55 0.55 0.55
sim:  42002 ms  86.0 m from home, 22.8 m up, mode RTH
sim:  42631 ms  roll    3.0 deg  pitch  -26.3 deg  motors 0.55 0.55 0.55 0.55
sim:  43002 ms  82.2 m from home, 22.8 m up, mode RTH
sim:  43631 ms  roll    1.9 deg  pitch  -26.4 deg  motors 0.55 0.55 0.55 0.55
sim:  44002 ms  78.5 m from home, 22.8 m up, mode RTH
sim:  44631 ms  roll    1.5 deg  pitch  -26.4 deg  motors 0.55 0.55 0.55 0.55
sim:  45002 ms  74.7 m from home, 22.8 m up, mode RTH
sim:  45631 ms  roll    1.7 deg  pitch  -26.4 deg  motors 0.55 0.55 0.55 0.55
sim:  46002 ms  71.0 m from home, 22.8 m up, mode RTH
sim:  46631 ms  roll    2.1 deg  pitch  -26.4 deg  motors 0.55 0.55 0.55 0.55
sim:  47002 ms  67.2 m from home, 22.8 m up, mode RTH
sim:  47631 ms  roll    2.1 deg  pitch  -26.4 deg  motors 0.55 0.55 0.55 0.55
sim:  48002 ms  63.5 m from home, 22.8 m up, mode RTH
sim:  48631 ms  roll    1.9 deg  pitch  -26.4 deg  motors 0.55 0.55 0.55 0.55
sim:  49002 ms  59.8 m from home, 22.8 m up, mode RTH
sim:  49631 ms  roll    1.5 deg  pitch  -26.4 deg  motors 0.55 0.55 0.55 0.55
sim:  50002 ms  56.0 m from home, 22.8 m up, mode RTH
sim:  50631 ms  roll    1.3 deg  pitch  -26.4 deg  motors 0.55 0.55 0.55 0.55
alive: 50631 ms, 49947 loops
sim:  51002 ms  52.3 m from home, 22.8 m up, mode RTH
sim:  51631 ms  roll    1.2 deg  pitch  -26.4 deg  motors 0.55 0.55 0.55 0.55
sim:  52002 ms  48.5 m from home, 22.8 m up, mode RTH
sim:  52631 ms  roll    1.1 deg  pitch  -26.4 deg  motors 0.55 0.55 0.55 0.55
sim:  53002 ms  44.8 m from home, 22.8 m up, mode RTH
sim:  53631 ms  roll    1.0 deg  pitch  -26.4 deg  motors 0.55 0.55 0.55 0.55
sim:  54002 ms  41.1 m from home, 22.8 m up, mode RTH
sim:  54631 ms  roll    0.8 deg  pitch  -26.4 deg  motors 0.55 0.55 0.55 0.55
sim:  55002 ms  37.3 m from home, 22.8 m up, mode RTH
sim:  55631 ms  roll    0.7 deg  pitch  -26.4 deg  motors 0.55 0.55 0.55 0.55
sim:  56002 ms  33.6 m from home, 22.8 m up, mode RTH
sim:  56631 ms  roll    0.5 deg  pitch  -26.5 deg  motors 0.55 0.55 0.55 0.55
sim:  57002 ms  29.8 m from home, 22.8 m up, mode RTH
sim:  57631 ms  roll    0.3 deg  pitch  -26.4 deg  motors 0.55 0.55 0.55 0.55
sim:  58002 ms  26.1 m from home, 22.8 m up, mode RTH
sim:  58631 ms  roll    0.2 deg  pitch  -26.4 deg  motors 0.55 0.55 0.55 0.55
sim:  59002 ms  22.4 m from home, 22.8 m up, mode RTH
sim:  59631 ms  roll    0.1 deg  pitch  -26.4 deg  motors 0.55 0.55 0.55 0.55
sim:  60002 ms  18.6 m from home, 22.8 m up, mode RTH
sim:  60631 ms  roll   -0.1 deg  pitch  -26.4 deg  motors 0.55 0.55 0.55 0.55
alive: 60631 ms, 59936 loops
sim:  61002 ms  14.9 m from home, 22.8 m up, mode RTH
sim:  61631 ms  roll   -0.3 deg  pitch  -26.4 deg  motors 0.18 0.18 0.18 0.18
sim:  62002 ms  11.2 m from home, 20.9 m up, mode RTH
sim:  62470 ms  started coming down 9.5 m from home, 19.3 m up
sim:  62631 ms  roll   -0.3 deg  pitch  -20.0 deg  motors 0.18 0.17 0.18 0.17
sim:  63002 ms  7.7 m from home, 17.4 m up, mode RTH
sim:  63631 ms  roll   -0.2 deg  pitch  -18.3 deg  motors 0.23 0.22 0.22 0.22
sim:  64002 ms  5.3 m from home, 14.1 m up, mode RTH
sim:  64631 ms  roll    0.1 deg  pitch  -14.3 deg  motors 0.24 0.24 0.23 0.24
sim:  65002 ms  3.5 m from home, 11.1 m up, mode RTH
sim:  65631 ms  roll    0.5 deg  pitch  -16.3 deg  motors 0.24 0.23 0.23 0.23
sim:  66002 ms  2.3 m from home, 8.2 m up, mode RTH
sim:  66631 ms  roll    1.2 deg  pitch  -22.2 deg  motors 0.36 0.34 0.36 0.34
sim:  67002 ms  1.3 m from home, 5.8 m up, mode RTH
sim:  67631 ms  roll    1.4 deg  pitch  -17.1 deg  motors 0.46 0.44 0.46 0.44
sim:  68002 ms  0.4 m from home, 4.4 m up, mode RTH
sim:  68631 ms  roll    1.3 deg  pitch  -15.8 deg  motors 0.48 0.49 0.49 0.49
sim:  69002 ms  0.4 m from home, 3.7 m up, mode RTH
sim:  69353 ms  first down at the hover height: 1 m out, 3.5 m up
sim:  69631 ms  roll    9.3 deg  pitch   -3.3 deg  motors 0.58 0.42 0.41 0.59
sim:  70002 ms  0.9 m from home, 3.2 m up, mode RTH
sim:  70631 ms  roll    2.5 deg  pitch    9.8 deg  motors 0.61 0.43 0.42 0.60
alive: 70631 ms, 69926 loops
sim:  71002 ms  0.8 m from home, 2.8 m up, mode RTH
sim:  71631 ms  roll  -13.3 deg  pitch    3.0 deg  motors 0.63 0.43 0.44 0.61
sim:  72002 ms  0.6 m from home, 2.5 m up, mode RTH
sim:  72631 ms  roll  -11.4 deg  pitch  -15.2 deg  motors 0.52 0.46 0.48 0.52
sim:  73002 ms  0.5 m from home, 2.2 m up, mode RTH
sim:  73631 ms  roll    0.8 deg  pitch  -15.1 deg  motors 0.49 0.45 0.46 0.50
sim:  74002 ms  0.3 m from home, 1.6 m up, mode RTH
sim:  74631 ms  roll   13.3 deg  pitch   -6.7 deg  motors 0.50 0.47 0.47 0.51
sim:  75002 ms  0.3 m from home, 1.0 m up, mode RTH
sim:  75631 ms  roll   14.9 deg  pitch    2.2 deg  motors 0.53 0.52 0.51 0.53
sim:  76002 ms  0.3 m from home, 0.6 m up, mode RTH
sim:  76631 ms  roll   12.8 deg  pitch    7.9 deg  motors 0.54 0.53 0.53 0.54
sim:  77002 ms  0.4 m from home, 0.4 m up, mode RTH
sim:  77631 ms  roll   11.1 deg  pitch   10.0 deg  motors 0.54 0.54 0.54 0.54
sim:  78002 ms  0.6 m from home, 0.3 m up, mode RTH
sim:  78631 ms  roll   12.2 deg  pitch    3.2 deg  motors 0.54 0.54 0.55 0.54
sim:  79002 ms  0.4 m from home, 0.2 m up, mode RTH
sim:  79631 ms  roll   13.9 deg  pitch    4.1 deg  motors 0.53 0.56 0.57 0.52
sim:  80002 ms  0.3 m from home, 0.2 m up, mode RTH
arm:       refused - the receiver has gone quiet (1069 frames)
sim:  80431 ms  motors stopped at 0.1 m above home, 0.4 m from it
sim:  80431 ms  receiver back - has the pilot got it?
arm:       refused - the throttle is at 55 per cent, and arming wants 5
sim:  80631 ms  roll   12.3 deg  pitch   -7.7 deg  motors 0.00 0.00 0.00 0.00
alive: 80631 ms, 79915 loops
status
state:     disarmed
uptime:    81432 ms
loops:     80716
attitude:  roll 215 mrad, pitch -135 mrad, yaw -2433 mrad
attitude:  converged
motors:    0 0 0 0 per-mille
servos:    0 0 per-mille
arm:       refused - the throttle is at 55 per cent, and arming wants 5
params:    1 changed since the last save
fault:     none recorded
ak> sim:  81631 ms  roll   12.3 deg  pitch   -7.8 deg  motors 0.00 0.00 0.00 0.00
sim:  82631 ms  roll   12.3 deg  pitch   -7.8 deg  motors 0.00 0.00 0.00 0.00
sim:  83631 ms  roll   12.3 deg  pitch   -7.8 deg  motors 0.00 0.00 0.00 0.00
log flash
# aerialkit blackbox (flash), 418 records in 4 sectors
# oldest first; this one outlives the battery
# units: gyro 0.1 dps, accel 0.001 g, attitude 0.1 deg, alt mm above the take-off reference, sticks per-mille, torque percent, motor 0..254
time_ms,gyro_x,gyro_y,gyro_z,accel_x,accel_y,accel_z,roll,pitch,yaw,alt_mm,stick_roll,stick_pitch,stick_yaw,stick_throttle,torque_roll,torque_pitch,torque_yaw,831,0,0,0,0,0,1000,0,0,0,0,0,0,0,0,0,0,0,0,0,0,0,0,7,521234567,49876543
1031,0,0,0,0,0,1000,0,0,0,0,0,0,0,0,0,0,0,0,0,0,0,0,7,521234567,49876543
1231,0,0,0,0,0,1000,0,0,0,0,0,0,0,0,0,0,0,0,0,0,0,0,7,521234567,49876543
1431,0,0,0,0,0,1000,0,0,0,0,0,0,0,0,0,0,0,0,0,0,0,0,7,521234567,49876543
1632,0,0,0,0,0,1000,0,0,0,0,0,0,0,0,0,0,0,0,0,0,0,0,7,521234567,49876543
1833,0,0,0,0,0,1000,0,0,0,0,0,0,0,0,0,0,0,0,0,0,0,0,7,521234567,49876543
2033,0,0,0,0,0,1000,0,0,0,0,0,0,0,0,0,0,0,0,0,0,0,0,7,521234567,49876543
2233,0,0,0,0,0,1000,0,0,0,0,0,0,0,0,0,0,0,0,0,0,0,0,7,521234567,49876543
2433,0,0,0,0,0,1000,0,0,0,0,0,0,0,0,0,0,0,0,0,0,0,0,7,521234567,49876543
2633,0,0,0,0,0,1000,0,0,0,0,0,0,0,0,0,0,0,0,0,0,0,0,7,521234567,49876543
2834,0,0,0,0,0,1000,0,0,0,0,0,0,0,0,0,0,0,0,0,0,0,0,7,521234567,49876543
3034,0,0,0,0,0,1000,0,0,0,0,0,0,0,0,0,0,0,13,13,13,13,1,7,521234567,49876543
3234,0,0,0,0,0,1000,0,0,0,0,0,0,0,0,0,0,0,13,13,13,13,1,7,521234567,49876543
3434,0,0,0,0,0,1000,0,0,0,0,0,0,0,0,0,0,0,13,13,13,13,1,7,521234567,49876543
3634,0,0,0,0,0,1000,0,0,0,0,0,0,0,0,0,0,0,13,13,13,13,1,7,521234567,49876543
3835,0,0,0,0,0,1000,0,0,0,0,0,0,0,0,0,0,0,13,13,13,13,1,7,521234567,49876543
4035,0,0,0,0,0,1000,0,0,1,0,0,0,0,579,0,0,0,147,147,147,147,1,7,521234567,49876557
4235,0,0,0,0,0,1000,0,0,59,15,0,0,0,579,0,0,0,147,147,147,147,1,7,521234567,49876703
4435,0,0,0,0,0,1000,0,0,113,56,0,0,0,579,0,0,0,147,147,147,147,1,7,521234567,49876850
4635,0,0,0,0,0,1000,0,0,164,121,0,0,0,579,0,0,0,147,147,147,147,1,7,521234567,49876996
4836,0,0,0,0,0,1000,0,0,211,205,0,0,0,579,0,0,0,147,147,147,147,1,7,521234567,49877142
5036,0,0,0,0,0,1000,0,0,256,307,0,0,0,579,0,0,0,147,147,147,147,1,7,521234567,49877288
5236,0,0,0,0,0,1000,0,0,297,428,0,0,0,579,0,0,0,147,147,147,147,1,7,521234567,49877434
5436,0,0,0,0,0,1000,0,0,336,563,0,0,0,579,0,0,0,147,147,147,147,1,7,521234567,49877581
5637,0,0,0,0,0,1000,0,0,372,709,0,0,0,579,0,0,0,147,147,147,147,1,7,521234567,49877726
5837,0,0,0,0,0,1000,0,0,406,871,0,0,0,579,0,0,0,147,147,147,147,1,7,521234567,49877873
6037,0,0,0,0,0,1000,0,0,438,1043,0,0,0,579,0,0,0,147,147,147,147,1,7,521234567,49878019
6237,0,0,0,0,0,1000,0,0,468,1225,0,0,0,579,0,0,0,147,147,147,147,1,7,521234567,49878165
6437,0,0,0,0,0,1000,0,0,496,1417,0,0,0,579,0,0,0,147,147,147,147,1,7,521234567,49878311
6638,0,0,0,0,0,1000,0,0,522,1616,0,0,0,579,0,0,0,147,147,147,147,1,7,521234567,49878457
6838,0,0,0,0,0,1000,0,0,546,1824,0,0,0,579,0,0,0,147,147,147,147,1,7,521234567,49878603
7038,0,-463,0,15,0,999,0,-9,569,2039,0,-300,0,579,0,-2,0,154,140,155,140,1,7,521234567,49878750
7238,0,-179,0,131,0,991,0,-75,590,2260,0,-300,0,579,0,0,0,149,146,149,146,1,7,521234567,49878898
7438,0,-54,0,167,0,985,0,-96,610,2486,0,-300,0,579,0,0,0,148,147,148,147,1,7,521234567,49879052
7639,0,-16,0,178,0,983,0,-103,629,2716,0,-300,0,579,0,0,0,147,147,147,147,1,7,521234567,49879214
7839,0,-4,0,182,0,982,0,-104,646,2952,0,-300,0,579,0,0,0,147,147,147,147,1,7,521234567,49879385
8039,0,-1,0,183,0,982,0,-105,663,3192,0,-300,0,579,0,0,0,147,147,147,147,1,7,521234567,49879564
8239,0,0,0,183,0,982,0,-105,678,3435,0,-300,0,579,0,0,0,147,147,147,147,1,7,521234567,49879750
8439,0,0,0,183,0,982,0,-105,692,3682,0,-300,0,579,0,0,0,147,147,147,147,1,7,521234567,49879942
8640,0,0,0,183,0,982,0,-105,706,3931,0,-300,0,579,0,0,0,147,147,147,147,1,7,521234567,49880138
8840,0,0,0,182,0,982,0,-105,718,4185,0,-300,0,579,0,0,0,147,147,147,147,1,7,521234567,49880341
9040,0,0,0,182,0,982,0,-105,730,4441,0,-300,0,579,0,0,0,147,147,147,147,1,7,521234567,49880548
9240,0,0,0,182,0,982,0,-105,741,4698,0,-300,0,579,0,0,0,147,147,147,147,1,7,521234567,49880760
9441,0,0,0,182,0,982,0,-105,751,4958,0,-300,0,579,0,0,0,147,147,147,147,1,7,521234567,49880974
9641,0,0,0,182,0,982,0,-105,761,5220,0,-300,0,579,0,0,0,147,147,147,147,1,7,521234567,49881193
9841,0,0,0,182,0,982,0,-105,770,5484,0,-300,0,579,0,0,0,147,147,147,147,1,7,521234567,49881414
10041,0,0,0,182,0,982,0,-105,778,5749,0,-300,0,579,0,0,0,147,147,147,147,1,7,521234567,49881639
10241,0,0,0,182,0,982,0,-105,786,6014,0,-300,0,579,0,0,0,147,147,147,147,1,7,521234567,49881866
10442,0,0,0,182,0,982,0,-105,793,6280,0,-300,0,579,0,0,0,147,147,147,147,1,7,521234567,49882094
10642,0,0,0,182,0,982,0,-105,800,6550,0,-300,0,579,0,0,0,147,147,147,147,1,7,521234567,49882326
10842,0,0,0,182,0,982,0,-105,806,6819,0,-300,0,579,0,0,0,147,147,147,147,1,7,521234567,49882559
11042,0,0,0,182,0,982,0,-105,812,7091,0,-300,0,579,0,0,0,147,147,147,147,1,7,521234567,49882794
11242,0,0,0,182,0,982,0,-105,818,7362,0,-300,0,579,0,0,0,147,147,147,147,1,7,521234567,49883031
11443,0,0,0,182,0,982,0,-105,823,7634,0,-300,0,579,0,0,0,147,147,147,147,1,7,521234567,49883268
11643,0,0,0,182,0,982,0,-105,828,7906,0,-300,0,579,0,0,0,147,148,147,147,1,7,521234567,49883507
11843,0,0,0,182,0,982,0,-105,833,8179,0,-300,0,579,0,0,0,147,147,147,147,1,7,521234567,49883747
12043,0,0,0,182,0,982,0,-105,837,8453,0,-300,0,579,0,0,0,147,147,147,147,1,7,521234566,49883988
12244,0,0,0,182,0,982,0,-105,841,8729,0,-300,0,579,0,0,0,147,147,147,147,1,7,521234566,49884231
12444,0,0,0,182,0,982,0,-105,845,9003,0,-300,0,579,0,0,0,147,147,147,147,1,7,521234566,49884473
12644,0,0,0,182,0,982,0,-105,849,9279,0,-300,0,579,0,0,0,147,147,147,147,1,7,521234566,49884717
12844,0,0,0,182,0,982,0,-105,852,9554,0,-300,0,579,0,0,0,147,147,147,147,1,7,521234566,49884961
13044,0,0,0,182,0,982,0,-104,855,9830,0,-300,0,579,0,0,0,147,147,147,147,1,7,521234566,49885206
13245,0,0,0,182,0,982,0,-104,858,10106,0,-300,0,579,0,0,0,147,147,147,147,1,7,521234566,49885451
13445,0,0,0,182,0,982,0,-104,861,10382,0,-300,0,579,0,0,0,147,147,147,147,1,7,521234566,49885697
13645,0,0,0,182,0,982,0,-104,863,10660,0,-300,0,579,0,0,0,147,147,147,147,1,7,521234566,49885944
13845,0,0,0,182,0,982,0,-105,865,10936,0,-300,0,579,0,0,0,147,147,147,147,1,7,521234566,49886191
14045,0,0,0,182,0,982,0,-105,868,11214,0,-300,0,579,0,0,0,147,147,147,147,1,7,521234566,49886439
14246,0,0,0,182,0,982,0,-105,870,11490,0,-300,0,579,0,0,0,147,147,147,147,1,7,521234565,49886685
14446,0,0,0,182,0,982,0,-105,872,11768,0,-300,0,579,0,0,0,147,147,147,147,1,7,521234565,49886933
14646,0,0,0,182,0,982,0,-104,874,12046,0,-300,0,579,0,0,0,147,147,147,147,1,7,521234565,49887182
14846,0,0,0,182,0,982,0,-104,875,12324,0,-300,0,579,0,0,0,147,147,147,147,1,7,521234565,49887430
15046,0,0,0,182,0,982,0,-104,877,12602,0,-300,0,579,0,0,0,147,147,147,147,1,7,521234565,49887679
15247,0,0,0,182,0,982,0,-104,878,12880,0,-300,0,579,0,0,0,147,147,147,147,1,7,521234565,49887927
15447,0,0,0,182,0,982,0,-104,880,13158,0,-300,0,579,0,0,0,147,147,147,147,1,7,521234565,49888177
15647,0,0,0,182,0,982,0,-104,881,13436,0,-300,0,579,0,0,0,147,147,147,147,1,7,521234565,49888426
15847,0,0,0,182,0,982,0,-104,882,13716,0,-300,0,579,0,0,0,147,147,147,147,1,7,521234565,49888676
16048,0,0,0,182,0,982,0,-104,883,13994,0,-300,0,579,0,0,0,147,147,147,147,1,7,521234564,49888925
16248,0,0,0,182,0,982,0,-105,884,14272,0,-300,0,579,0,0,0,147,147,147,147,1,7,521234564,49889174
16448,0,0,0,182,0,982,0,-105,885,14550,0,-300,0,579,0,0,0,147,147,147,147,1,7,521234564,49889424
16648,0,0,0,182,0,982,0,-105,886,14830,0,-300,0,579,0,0,0,147,147,147,147,1,7,521234564,49889674
16848,0,0,0,182,0,982,0,-105,887,15108,0,-300,0,579,0,0,0,147,147,147,147,1,7,521234564,49889924
17049,0,0,0,182,0,982,0,-104,888,15386,0,-300,0,579,0,0,0,147,147,147,147,1,7,521234564,49890174
17249,0,0,0,182,0,982,0,-104,889,15666,0,-300,0,579,0,0,0,147,147,147,147,1,7,521234564,49890424
17449,0,0,0,182,0,982,0,-104,890,15945,0,-300,0,579,0,0,0,147,147,147,147,1,7,521234564,49890674
17649,0,0,0,182,0,982,0,-104,890,16223,0,-300,0,579,0,0,0,147,147,147,147,1,7,521234563,49890925
17849,0,0,0,182,0,982,0,-104,891,16503,0,-300,0,579,0,0,0,147,147,147,147,1,7,521234563,49891175
18050,0,0,0,182,0,982,0,-104,891,16781,0,-300,0,579,0,0,0,147,147,147,147,1,7,521234563,49891425
18250,0,0,0,182,0,982,0,-104,892,17059,0,-300,0,579,0,0,0,147,147,147,147,1,7,521234563,49891675
18450,0,0,0,182,0,982,0,-104,892,17339,0,-300,0,579,0,0,0,147,147,147,147,1,7,521234563,49891926
18650,0,0,0,182,0,982,0,-104,893,17619,0,-300,0,579,0,0,0,147,147,147,147,1,7,521234563,49892177
18850,0,0,0,182,0,982,0,-105,893,17897,0,-300,0,579,0,0,0,147,147,147,147,1,7,521234563,49892428
19051,0,0,0,182,0,982,0,-105,894,18175,0,-300,0,579,0,0,0,147,147,147,147,1,7,521234563,49892677
19251,0,0,0,182,0,982,0,-105,894,18455,0,-300,0,579,0,0,0,147,147,147,147,1,7,521234563,49892928
19451,0,0,0,182,0,982,0,-105,895,18733,0,-300,0,579,0,0,0,147,147,147,147,1,7,521234563,49893179
19651,0,0,0,182,0,982,0,-105,895,19013,0,-300,0,579,0,0,0,147,147,147,147,1,7,521234562,49893430
19852,0,0,0,182,0,982,0,-104,895,19291,0,-300,0,579,0,0,0,147,147,147,147,1,7,521234562,49893679
20052,0,0,0,182,0,982,0,-104,896,19571,0,-300,0,579,0,0,0,147,147,147,147,1,7,521234562,49893930
20252,0,0,0,182,0,982,0,-104,896,19850,0,-300,0,579,0,0,0,147,147,147,147,1,7,521234562,49894181
20452,0,0,0,182,0,982,0,-104,896,20128,0,-300,0,579,0,0,0,147,147,147,147,1,7,521234562,49894432
20652,0,0,0,182,0,982,0,-104,896,20408,0,-300,0,579,0,0,0,147,147,147,147,1,7,521234562,49894683
20853,0,0,0,182,0,982,0,-104,897,20686,0,-300,0,579,0,0,0,147,147,147,147,1,7,521234562,49894933
21053,0,0,0,182,0,982,0,-104,897,20964,0,-300,0,579,0,0,0,147,147,147,147,1,7,521234562,49895184
21253,0,0,0,182,0,982,0,-104,897,21244,0,-300,0,579,0,0,0,147,147,147,147,1,7,521234562,49895435
21453,0,0,0,182,0,982,0,-105,897,21524,0,-300,0,579,0,0,0,147,147,147,147,1,7,521234562,49895686
21653,0,0,0,182,0,982,0,-105,897,21802,0,-300,0,579,0,0,0,147,147,147,147,1,7,521234561,49895937
21854,0,0,0,182,0,982,0,-105,897,22080,0,-300,0,579,0,0,0,147,147,147,147,1,7,521234561,49896186
22054,0,0,0,182,0,982,0,-105,898,22360,0,-300,0,579,0,0,0,147,147,147,147,1,7,521234561,49896437
22254,-14,1060,421,169,0,985,0,-97,901,22639,0,-300,0,579,0,23,28,27,254,149,129,3,7,521234561,49896688
22454,215,728,-607,-286,40,957,23,166,1024,22910,0,-300,0,579,0,2,-15,138,69,61,153,3,7,521234561,49896935
22654,-173,239,635,-431,35,901,21,255,894,23119,0,-300,0,579,0,0,14,69,149,142,71,3,7,521234561,49897160
22855,182,46,-637,-471,47,880,28,281,1018,23233,0,-300,0,579,0,0,-14,149,78,81,153,3,7,521234561,49897354
23055,-195,28,-746,-484,35,873,22,290,867,23272,0,-300,0,579,-1,0,-8,146,104,98,141,3,7,521234562,49897519
23255,-341,-49,626,-483,-58,873,-32,289,745,23265,0,-300,0,579,-1,0,14,95,168,162,87,3,7,521234562,49897655
23455,157,28,743,-483,-80,872,-47,289,897,23225,0,-300,0,579,1,0,8,108,151,156,114,3,7,521234560,49897766
23656,384,-31,-643,-486,9,873,3,291,1022,23173,0,-300,0,579,1,0,-13,166,96,105,173,3,7,521234561,49897854
23856,-106,16,-746,-487,46,872,26,291,875,23115,0,-300,0,579,0,0,-8,160,117,114,156,3,7,521234564,49897921
24056,-348,-45,644,-486,-32,873,-18,290,747,23057,0,-300,0,579,-1,0,13,107,175,169,100,3,7,521234565,49897969
24256,140,18,744,-485,-60,872,-35,290,894,23005,0,-300,0,579,0,0,8,115,158,162,120,3,7,521234564,49898001
24456,314,-27,756,-485,24,873,12,290,1045,22959,0,-300,0,579,1,0,8,114,156,164,121,3,7,521234565,49898017
24657,339,-110,767,-464,141,876,82,276,1198,22921,0,-300,0,579,1,0,8,115,155,166,119,3,7,521234567,49898019
24857,327,-218,777,-415,253,879,151,244,1352,22889,0,-300,0,579,1,-1,8,116,154,167,117,3,7,521234574,49898009
25057,426,-575,-615,-322,355,883,216,187,1485,22863,0,-300,0,579,2,-2,-13,174,92,117,170,3,7,521234585,49897988
25257,49,31,-719,-236,431,875,263,136,1343,22843,0,-300,0,579,0,0,-8,157,120,115,160,3,7,521234597,49897957
25457,-290,310,-473,-291,408,872,248,168,1203,22826,0,-300,0,579,-1,1,-4,150,134,118,150,3,7,521234604,49897918
25658,-399,260,264,-378,312,878,191,221,1124,22813,0,-300,0,579,-1,1,4,128,156,142,124,3,7,521234604,49897871
25858,-123,78,476,-424,239,878,149,250,1185,22802,0,-300,0,579,0,0,5,123,154,151,123,3,7,521234600,49897816
26058,123,-79,303,-424,241,877,151,250,1278,22794,0,-300,0,579,0,0,3,130,142,148,130,3,7,521234595,49897754
26258,169,-142,65,-394,286,880,178,230,1333,22787,0,-300,0,579,0,0,0,137,135,142,137,3,7,521234593,49897685
26458,103,-95,-65,-360,325,881,202,210,1342,22783,0,-300,0,579,0,0,0,140,133,137,140,3,7,521234594,49897611
26659,25,-20,-77,-344,344,881,213,199,1328,22779,0,-300,0,579,0,0,0,140,135,135,140,3,7,521234595,49897531
26859,-26,28,-27,-344,345,880,214,200,1314,22776,0,-300,0,579,0,0,0,138,137,136,138,3,7,521234596,49897446
27059,-19,17,21,-352,337,880,209,204,1323,22774,0,-300,0,579,0,0,0,136,138,139,137,3,7,521234596,49897356
27259,85,-103,62,-332,354,881,219,193,1416,22772,0,-300,0,579,0,0,0,135,137,141,135,3,7,521234595,49897262
27460,87,-126,157,-286,387,882,239,165,1513,22772,0,-300,0,579,0,0,1,133,139,145,132,3,7,521234593,49897165
27660,75,-118,312,-232,418,882,257,133,1622,22770,0,-300,0,579,0,0,3,128,144,149,127,3,7,521234589,49897065
27860,63,-138,492,-171,445,881,273,98,1753,22770,0,-300,0,579,0,0,5,123,150,154,122,3,7,521234582,49896962
28060,49,-182,654,-97,466,879,284,55,-1691,22770,0,-300,0,579,0,0,7,119,154,159,116,3,7,521234571,49896858
28260,19,-253,770,-4,476,878,288,2,-1516,22770,0,-300,0,579,0,-1,8,118,156,163,112,3,7,521234559,49896753
28461,-40,-292,782,105,468,877,282,-61,-1333,22770,0,-300,0,579,0,-1,8,118,157,162,111,3,7,521234543,49896646
28661,-124,-284,790,216,437,877,262,-125,-1162,22770,0,-300,0,579,0,-1,8,119,158,161,110,3,7,521234527,49896537
28861,-192,-239,798,313,380,877,228,-182,-1001,22770,0,-300,0,579,0,0,8,119,159,160,109,3,7,521234509,49896426
29061,-269,-179,805,388,300,878,182,-227,-848,22770,0,-300,0,579,-1,0,9,119,161,159,109,3,7,521234493,49896313
29261,-313,-108,797,438,198,880,124,-259,-703,22770,0,-300,0,579,-1,0,8,119,163,157,110,3,7,521234477,49896197
29462,-329,-29,707,463,87,882,59,-275,-570,22770,0,-300,0,579,-1,0,7,121,160,153,113,3,7,521234463,49896081
29662,-289,39,606,465,-18,884,-3,-276,-463,22770,0,-300,0,579,-1,0,6,123,158,150,118,3,7,521234451,49895963
29862,-229,84,503,449,-104,888,-57,-266,-382,22770,0,-300,0,579,0,0,5,125,155,148,121,3,7,521234442,49895846
30062,-171,105,395,424,-169,892,-98,-250,-325,22770,0,-300,0,579,0,0,4,126,151,145,126,3,7,521234435,49895728
30262,-124,106,282,395,-213,896,-127,-232,-291,22770,0,-300,0,579,0,0,3,129,147,142,129,3,7,521234430,49895610
30463,-90,96,170,369,-243,900,-147,-216,-281,22770,0,-300,0,579,0,0,1,132,144,139,133,3,7,521234428,49895494
30663,-61,66,64,349,-262,903,-159,-203,-291,22770,0,-300,0,579,0,0,0,135,140,137,136,3,7,521234428,49895378
30863,-32,28,-26,338,-270,905,-165,-197,-320,22770,0,-300,0,579,0,0,0,138,136,136,138,3,7,521234430,49895263
31063,-5,-4,-103,339,-270,905,-165,-197,-364,22770,0,-300,0,579,0,0,-1,140,134,134,140,3,7,521234433,49895149
31264,20,-28,-168,349,-260,904,-160,-203,-419,22770,0,-300,0,579,0,0,-1,142,131,133,142,3,7,521234437,49895038
31464,46,-43,-221,363,-243,903,-150,-212,-482,22770,0,-300,0,579,0,0,-2,143,130,131,144,3,7,521234443,49894926
31664,74,-54,-264,381,-217,901,-135,-223,-550,22770,0,-300,0,579,0,0,-3,144,128,131,145,3,7,521234449,49894815
31864,92,-51,-298,400,-183,900,-115,-235,-622,22770,0,-300,0,579,0,0,-3,145,126,131,146,3,7,521234456,49894705
32064,102,-43,-325,417,-144,898,-92,-246,-695,22770,0,-300,0,579,0,0,-3,146,126,130,147,3,7,521234464,49894595
32265,115,-35,-340,430,-102,897,-67,-254,-768,22770,0,-300,0,579,0,0,-3,146,126,129,148,3,7,521234471,49894486
32465,128,-23,-341,440,-57,895,-40,-260,-839,22770,0,-300,0,579,0,0,-3,146,126,129,148,3,7,521234478,49894377
32665,124,-7,-332,444,-10,895,-12,-263,-905,22770,0,-300,0,579,0,0,-3,145,126,129,148,3,7,521234486,49894268
32865,123,7,-312,445,32,894,15,-264,-965,22770,0,-300,0,579,0,0,-3,144,127,130,147,3,7,521234492,49894158
33065,117,21,-281,440,74,895,41,-261,-1017,22770,0,-300,0,579,0,0,-3,144,128,130,146,3,7,521234498,49894049
33266,100,29,-242,433,111,895,65,-256,-1060,22770,0,-300,0,579,0,0,-2,143,129,131,145,3,7,521234504,49893940
33466,87,33,-197,423,141,895,84,-250,-1093,22770,0,-300,0,579,0,0,-2,141,131,132,144,3,7,521234508,49893830
33666,70,31,-148,414,166,896,101,-244,-1115,22770,0,-300,0,579,0,0,-1,140,133,133,142,3,7,521234512,49893721
33866,56,28,-98,405,185,897,113,-239,-1127,22770,0,-300,0,579,0,0,-1,139,134,134,141,3,7,521234514,49893611
34067,42,20,-51,399,198,897,122,-234,-1129,22770,0,-300,0,579,0,0,0,138,136,136,139,3,7,521234515,49893501
34267,22,10,-8,395,206,898,127,-232,-1123,22770,0,-300,0,579,0,0,0,137,137,137,137,3,7,521234516,49893392
34467,3,0,28,395,208,897,129,-232,-1109,22770,0,-300,0,579,0,0,0,136,138,138,136,3,7,521234516,49893283
34667,-6,-6,60,397,204,897,127,-233,-1089,22770,0,-300,0,579,0,0,0,136,139,139,135,3,7,521234515,49893173
34867,-19,-12,88,401,197,897,123,-236,-1065,22770,0,-300,0,579,0,0,1,135,140,140,134,3,7,521234513,49893063
35068,-32,-17,110,407,186,896,117,-239,-1037,22770,0,-300,0,579,0,0,1,134,140,140,133,3,7,521234512,49892954
35268,-42,-19,128,414,170,896,108,-244,-1007,22770,0,-300,0,579,0,0,1,134,141,140,132,3,7,521234510,49892844
35468,-43,-18,142,421,153,895,98,-248,-976,22770,0,-300,0,579,0,0,1,134,141,141,132,3,7,521234507,49892734
35668,-53,-18,150,427,135,895,87,-252,-944,22770,0,-300,0,579,0,0,1,134,142,140,132,3,7,521234505,49892624
35868,-54,-15,152,433,115,894,75,-256,-913,22770,0,-300,0,579,0,0,1,133,142,141,132,3,7,521234502,49892513
36069,-54,-12,150,438,95,894,62,-259,-884,22770,0,-300,0,579,0,0,1,134,142,141,132,3,7,521234500,49892404
36269,-52,-9,141,441,75,894,50,-261,-858,22770,0,-300,0,579,0,0,1,134,142,141,132,3,7,521234497,49892293
36469,-56,-5,128,444,57,893,39,-263,-834,22770,0,-300,0,579,0,0,1,134,141,140,133,3,7,521234495,49892183
36669,-53,-1,110,446,39,894,27,-264,-815,22770,0,-300,0,579,0,0,1,134,141,140,133,3,7,521234494,49892072
36869,-39,0,93,446,23,894,17,-265,-801,22770,0,-300,0,579,0,0,1,135,140,139,134,3,7,521234492,49891961
37070,-32,1,73,446,12,894,10,-265,-790,22770,0,-300,0,579,0,0,0,135,139,139,135,3,7,521234491,49891851
37270,-32,3,51,446,2,894,3,-265,-784,22770,0,-300,0,579,0,0,0,136,138,138,135,3,7,521234491,49891740
37470,-25,3,29,445,-4,895,-1,-264,-782,22770,0,-300,0,579,0,0,0,137,138,137,136,3,7,521234491,49891630
37670,-10,0,11,444,-9,895,-4,-264,-785,22770,0,-300,0,579,0,0,0,136,137,137,137,3,7,521234491,49891519
37871,-4,0,-5,444,-10,895,-5,-264,-790,22770,0,-300,0,579,0,0,0,137,137,137,137,3,7,521234492,49891409
38071,-1,0,-21,444,-9,895,-5,-264,-798,22770,0,-300,0,579,0,0,0,138,136,136,138,3,7,521234493,49891299
38271,7,-1,-35,444,-7,895,-4,-264,-809,22770,0,-300,0,579,0,0,0,138,136,136,138,3,7,521234494,49891189
38471,9,0,-46,444,-2,895,-1,-264,-821,22770,0,-300,0,579,0,0,0,138,136,136,139,3,7,521234496,49891079
38671,17,0,-54,444,2,895,1,-264,-835,22770,0,-300,0,579,0,0,0,138,135,136,139,3,7,521234497,49890969
38872,20,0,-59,444,11,895,6,-264,-849,22770,0,-300,0,579,0,0,0,138,135,136,139,3,7,521234499,49890859
39072,19,0,-62,444,19,895,11,-264,-863,22770,0,-300,0,579,0,0,0,138,135,135,139,3,7,521234501,49890750
39272,24,0,-63,444,27,895,16,-263,-876,22770,0,-300,0,579,0,0,0,138,135,136,139,3,7,521234502,49890640
39472,17,1,-62,443,36,895,21,-263,-889,22770,0,-300,0,579,0,0,0,139,135,135,139,3,7,521234504,49890530
39672,25,1,-57,442,43,895,26,-263,-901,22770,0,-300,0,579,0,0,0,138,135,136,139,3,7,521234506,49890420
39873,20,1,-51,442,51,895,31,-262,-911,22770,0,-300,0,579,0,0,0,138,136,136,139,3,7,521234507,49890311
40073,15,1,-43,441,58,895,36,-262,-919,22770,0,-300,0,579,0,0,0,138,136,136,138,3,7,521234509,49890201
40273,18,2,-34,440,63,895,39,-261,-925,22770,0,-300,0,579,0,0,0,138,136,136,138,3,7,521234510,49890092
40473,9,0,-25,440,69,895,43,-261,-929,22770,0,-300,0,579,0,0,0,137,136,136,138,3,7,521234511,49889982
40673,8,1,-15,439,72,895,45,-261,-932,22770,0,-300,0,579,0,0,0,137,136,137,138,3,7,521234512,49889872
40874,6,0,-6,439,74,895,46,-260,-932,22770,0,-300,0,579,0,0,0,137,137,137,137,3,7,521234512,49889763
41074,3,0,2,439,75,895,47,-260,-931,22770,0,-300,0,579,0,0,0,137,137,137,137,3,7,521234513,49889654
41274,-1,0,9,439,75,895,47,-260,-928,22770,0,-300,0,579,0,0,0,136,138,137,137,3,7,521234513,49889544
41474,-1,0,16,439,73,895,46,-260,-924,22770,0,-300,0,579,0,0,0,137,137,138,136,3,7,521234513,49889434
41675,-7,-1,21,440,71,895,45,-261,-919,22770,0,-300,0,579,0,0,0,136,138,138,137,3,7,521234513,49889324
41875,-9,0,24,440,68,895,43,-261,-913,22770,0,-300,0,579,0,0,0,137,138,138,136,3,7,521234513,49889215
42075,-7,-1,28,441,64,895,41,-261,-907,22770,0,-300,0,579,0,0,0,136,138,138,136,3,7,521234513,49889105
42275,-12,-1,30,441,61,895,39,-262,-901,22770,0,-300,0,579,0,0,0,136,138,138,136,3,7,521234513,49888995
42475,-14,-1,31,442,56,895,36,-262,-895,22770,0,-300,0,579,0,0,0,136,138,137,136,3,7,521234513,49888886
42676,-9,-1,31,442,51,895,33,-262,-889,22770,0,-300,0,579,0,0,0,136,138,138,136,3,7,521234513,49888776
42876,-13,0,31,443,47,895,31,-263,-884,22770,0,-300,0,579,0,0,0,136,138,138,136,3,7,521234513,49888666
43076,-14,0,28,443,43,895,28,-263,-879,22770,0,-300,0,579,0,0,0,136,138,138,136,3,7,521234513,49888557
43276,-10,0,26,444,39,895,25,-263,-875,22770,0,-300,0,579,0,0,0,136,138,138,136,3,7,521234513,49888447
43476,-9,0,23,444,36,895,23,-263,-871,22770,0,-300,0,579,0,0,0,137,138,138,136,3,7,521234513,49888337
43677,-7,-1,20,444,33,895,21,-263,-869,22770,0,-300,0,579,0,0,0,136,138,137,137,3,7,521234513,49888228
43877,-9,0,14,444,30,895,20,-263,-867,22770,0,-300,0,579,0,0,0,137,137,137,137,3,7,521234513,49888118
44077,-7,0,9,444,28,895,18,-263,-866,22770,0,-300,0,579,0,0,0,137,137,137,137,3,7,521234513,49888008
44277,-3,0,5,444,26,895,17,-263,-866,22770,0,-300,0,579,0,0,0,137,137,137,136,3,7,521234514,49887898
44477,0,0,2,444,25,895,17,-263,-867,22770,0,-300,0,579,0,0,0,137,137,137,137,3,7,521234514,49887788
44678,-4,0,-2,444,26,895,16,-264,-869,22770,0,-300,0,579,0,0,0,137,137,137,137,3,7,521234515,49887679
44878,1,0,-5,444,25,895,16,-264,-871,22770,0,-300,0,579,0,0,0,137,137,137,137,3,7,521234515,49887569
45078,0,0,-8,444,26,895,17,-264,-874,22770,0,-300,0,579,0,0,0,137,137,137,137,3,7,521234516,49887459
45278,1,0,-9,444,27,895,17,-263,-877,22770,0,-300,0,579,0,0,0,137,136,137,138,3,7,521234517,49887350
45479,0,0,-11,444,28,895,18,-263,-880,22770,0,-300,0,579,0,0,0,137,137,137,137,3,7,521234518,49887240
45679,6,0,-10,444,29,895,18,-263,-883,22770,0,-300,0,579,0,0,0,138,137,137,137,3,7,521234518,49887131
45879,3,0,-9,444,31,895,20,-263,-885,22770,0,-300,0,579,0,0,0,138,137,137,137,3,7,521234519,49887021
46079,3,0,-9,444,33,895,20,-263,-888,22770,0,-300,0,579,0,0,0,137,136,137,137,3,7,521234520,49886912
46279,2,0,-8,444,34,895,21,-263,-890,22770,0,-300,0,579,0,0,0,137,137,137,137,3,7,521234520,49886802
46480,2,0,-6,443,35,895,22,-263,-892,22770,0,-300,0,579,0,0,0,138,137,137,137,3,7,521234521,49886693
46680,0,0,-6,443,36,895,22,-263,-893,22770,0,-300,0,579,0,0,0,137,137,137,137,3,7,521234522,49886583
46880,4,0,-3,443,36,895,23,-263,-894,22770,0,-300,0,579,0,0,0,137,137,137,137,3,7,521234522,49886474
47080,-2,0,-1,443,37,895,23,-263,-895,22770,0,-300,0,579,0,0,0,137,137,137,137,3,7,521234523,49886364
47280,2,0,0,443,37,895,23,-263,-895,22770,0,-300,0,579,0,0,0,137,137,137,137,3,7,521234523,49886255
47481,-2,0,2,444,37,895,23,-263,-895,22770,0,-300,0,579,0,0,0,137,137,137,137,3,7,521234524,49886145
47681,0,0,4,443,37,895,23,-263,-894,22770,0,-300,0,579,0,0,0,137,137,137,137,3,7,521234524,49886036
47881,-5,0,4,443,36,895,23,-263,-894,22770,0,-300,0,579,0,0,0,137,137,137,137,3,7,521234525,49885926
48081,-1,0,7,443,35,895,22,-263,-893,22770,0,-300,0,579,0,0,0,137,137,137,137,3,7,521234525,49885817
48281,-1,0,8,444,34,895,22,-263,-891,22770,0,-300,0,579,0,0,0,136,137,137,137,3,7,521234525,49885707
48482,-4,0,9,444,33,895,21,-263,-890,22770,0,-300,0,579,0,0,0,137,137,138,137,3,7,521234526,49885598
48682,-5,0,9,444,31,895,20,-263,-889,22770,0,-300,0,579,0,0,0,137,137,137,136,3,7,521234526,49885488
48882,-2,0,9,444,30,895,19,-263,-887,22770,0,-300,0,579,0,0,0,137,137,137,137,3,7,521234526,49885379
49082,-5,0,8,444,29,895,19,-263,-886,22770,0,-300,0,579,0,0,0,137,137,138,136,3,7,521234527,49885269
49283,-2,0,8,444,27,895,18,-263,-885,22770,0,-300,0,579,0,0,0,137,137,137,136,3,7,521234527,49885159
49483,-4,0,7,444,26,895,17,-264,-884,22770,0,-300,0,579,0,0,0,137,137,137,137,3,7,521234527,49885050
49683,-4,0,6,444,25,895,16,-264,-884,22770,0,-300,0,579,0,0,0,137,137,137,137,3,7,521234528,49884941
49883,-1,0,6,444,24,895,15,-264,-883,22770,0,-300,0,579,0,0,0,137,137,137,137,3,7,521234528,49884831
50083,-3,0,5,444,23,895,15,-264,-883,22770,0,-300,0,579,0,0,0,137,137,137,137,3,7,521234529,49884721
50284,-3,0,4,444,22,895,14,-264,-883,22770,0,-300,0,579,0,0,0,137,137,137,137,3,7,521234529,49884612
50484,0,0,4,444,21,895,14,-264,-883,22770,0,-300,0,579,0,0,0,137,137,137,137,3,7,521234529,49884503
50684,0,0,3,444,21,895,14,-264,-883,22770,0,-300,0,579,0,0,0,137,137,137,137,3,7,521234530,49884393
50884,-3,0,1,444,21,895,13,-264,-883,22770,0,-300,0,579,0,0,0,137,137,137,137,3,7,521234530,49884284
51084,-3,0,0,444,20,895,13,-264,-883,22770,0,-300,0,579,0,0,0,137,137,137,137,3,7,521234531,49884174
51285,-1,0,0,444,20,895,13,-264,-884,22770,0,-300,0,579,0,0,0,137,137,137,137,3,7,521234531,49884065
51485,1,0,0,444,20,895,13,-264,-885,22770,0,-300,0,579,0,0,0,137,137,137,137,3,7,521234532,49883956
51685,-3,0,0,444,20,895,13,-264,-886,22770,0,-300,0,579,0,0,0,137,137,137,137,3,7,521234533,49883846
51885,0,0,0,444,20,895,12,-264,-886,22770,0,-300,0,579,0,0,0,137,137,137,137,3,7,521234533,49883737
52085,-3,0,0,444,20,895,12,-264,-887,22770,0,-300,0,579,0,0,0,137,137,137,137,3,7,521234534,49883627
52286,3,0,1,444,20,895,12,-264,-887,22770,0,-300,0,579,0,0,0,137,137,137,137,3,7,521234534,49883518
52486,-3,0,1,444,20,895,12,-264,-888,22770,0,-300,0,579,0,0,0,137,137,137,137,3,7,521234535,49883409
52686,0,0,1,444,19,895,12,-264,-888,22770,0,-300,0,579,0,0,0,137,137,137,137,3,7,521234535,49883299
52886,-3,0,1,444,19,895,12,-264,-888,22770,0,-300,0,579,0,0,0,137,137,137,137,3,7,521234536,49883190
53087,1,0,2,445,18,895,12,-264,-888,22770,0,-300,0,579,0,0,0,137,137,137,137,3,7,521234536,49883080
53287,-3,0,2,444,18,895,12,-264,-888,22770,0,-300,0,579,0,0,0,137,137,137,137,3,7,521234537,49882971
53487,0,0,3,444,18,895,11,-264,-888,22770,0,-300,0,579,0,0,0,137,137,137,137,3,7,521234537,49882862
53687,-3,0,3,444,17,895,11,-264,-888,22770,0,-300,0,579,0,0,0,137,137,137,137,3,7,521234538,49882752
53887,1,0,4,444,16,895,10,-264,-888,22770,0,-300,0,579,0,0,0,136,137,137,137,3,7,521234538,49882643
54088,0,0,5,444,17,895,10,-264,-887,22770,0,-300,0,579,0,0,0,137,137,137,136,3,7,521234538,49882534
54288,-4,0,3,445,16,895,10,-264,-887,22770,0,-300,0,579,0,0,0,137,137,137,137,3,7,521234539,49882424
54488,-1,0,3,444,15,895,9,-264,-887,22770,0,-300,0,579,0,0,0,137,137,137,137,3,7,521234539,49882315
54688,-1,0,3,444,14,895,9,-264,-887,22770,0,-300,0,579,0,0,0,137,137,137,137,3,7,521234540,49882205
54888,0,0,3,444,13,895,9,-264,-887,22770,0,-300,0,579,0,0,0,137,137,137,137,3,7,521234540,49882096
55089,-3,0,3,445,13,895,8,-264,-887,22770,0,-300,0,579,0,0,0,137,137,137,137,3,7,521234541,49881987
55289,-1,0,3,444,12,895,8,-264,-887,22770,0,-300,0,579,0,0,0,137,137,137,137,3,7,521234541,49881877
55489,-1,0,3,444,12,895,7,-264,-887,22770,0,-300,0,579,0,0,0,137,137,137,137,3,7,521234542,49881768
55689,0,0,3,445,11,895,7,-264,-887,22770,0,-300,0,579,0,0,0,137,137,137,137,3,7,521234542,49881658
55890,-4,0,2,444,10,895,7,-264,-886,22770,0,-300,0,579,0,0,0,137,137,137,137,3,7,521234543,49881549
56090,-1,0,3,444,9,895,6,-264,-886,22770,0,-300,0,579,0,0,0,137,137,137,137,3,7,521234543,49881440
56290,-1,0,3,444,9,895,6,-264,-886,22770,0,-300,0,579,0,0,0,137,137,137,137,3,7,521234544,49881330
56490,0,0,4,445,9,895,6,-264,-886,22770,0,-300,0,579,0,0,0,137,137,137,137,3,7,521234544,49881221
56690,-4,0,3,445,8,895,5,-264,-886,22770,0,-300,0,579,0,0,0,137,137,137,136,3,7,521234545,49881112
56891,0,0,4,444,7,895,5,-264,-886,22770,0,-300,0,579,0,0,0,137,137,137,137,3,7,521234545,49881002
57091,1,0,5,445,7,895,5,-264,-885,22770,0,-300,0,579,0,0,0,137,137,137,137,3,7,521234545,49880893
57291,-4,0,3,445,7,895,4,-264,-885,22770,0,-300,0,579,0,0,0,137,137,137,137,3,7,521234546,49880784
57491,-2,0,1,444,6,895,4,-264,-885,22770,0,-300,0,579,0,0,0,137,137,137,137,3,7,521234546,49880674
57691,-3,0,0,444,5,895,3,-264,-886,22770,0,-300,0,579,0,0,0,137,137,137,137,3,7,521234547,49880565
57892,0,0,0,445,4,895,3,-264,-886,22770,0,-300,0,579,0,0,0,137,137,137,137,3,7,521234548,49880456
58092,0,0,2,445,4,895,3,-264,-886,22770,0,-300,0,579,0,0,0,137,137,137,137,3,7,521234548,49880347
58292,-1,0,2,444,4,895,2,-264,-887,22770,0,-300,0,579,0,0,0,137,137,137,137,3,7,521234549,49880237
58492,-1,0,3,445,3,895,2,-264,-887,22770,0,-300,0,579,0,0,0,137,137,137,137,3,7,521234549,49880128
58692,-1,0,2,445,3,895,2,-264,-887,22770,0,-300,0,579,0,0,0,137,137,137,137,3,7,521234550,49880019
58893,0,0,3,444,3,895,2,-264,-887,22770,0,-300,0,579,0,0,0,137,137,137,137,3,7,521234550,49879910
59093,-4,0,1,445,2,895,1,-264,-887,22770,0,-300,0,579,0,0,0,137,137,137,137,3,7,521234551,49879800
59293,-1,0,3,444,1,895,1,-264,-887,22770,0,-300,0,579,0,0,0,137,137,137,137,3,7,521234551,49879691
59493,0,0,3,444,1,895,1,-264,-887,22770,0,-300,0,579,0,0,0,137,137,137,137,3,7,521234552,49879582
59694,-1,0,3,445,0,895,0,-264,-887,22770,0,-300,0,579,0,0,0,137,137,137,137,3,7,521234552,49879472
59894,-4,0,3,444,0,895,0,-264,-887,22770,0,-300,0,579,0,0,0,137,137,137,137,3,7,521234553,49879363
60094,0,0,4,445,0,895,0,-264,-886,22770,0,-300,0,579,0,0,0,137,137,137,137,3,7,521234553,49879254
60294,-3,0,2,445,0,895,0,-264,-886,22770,0,-300,0,579,0,0,0,137,137,137,137,3,7,521234554,49879145
60494,-1,0,3,444,0,895,0,-264,-886,22770,0,-300,0,579,0,0,0,137,137,137,137,3,7,521234554,49879035
60695,-4,0,2,444,-1,895,0,-264,-886,22770,0,-300,0,579,0,0,0,137,137,137,137,3,7,521234555,49878926
60895,1,0,4,445,-2,895,-1,-264,-886,22770,0,-300,0,579,0,0,0,137,137,137,137,3,7,521234555,49878817
61095,-3,0,4,445,-2,895,-1,-264,-886,22770,0,-300,0,579,0,0,0,72,72,72,72,3,7,521234556,49878708
61295,-2,0,4,445,-3,895,-1,-264,-886,22684,0,-300,0,579,0,0,0,67,68,68,68,3,7,521234556,49878598
61495,-4,0,3,444,-4,895,-2,-264,-885,22421,0,-300,0,579,0,0,0,76,76,77,76,3,7,521234557,49878489
61696,1,0,6,444,-5,895,-3,-264,-885,22005,0,-300,0,579,0,0,0,87,87,87,87,3,7,521234557,49878380
61896,-3,0,4,445,-5,895,-3,-264,-885,21466,0,-300,0,579,0,0,0,97,98,97,97,3,7,521234558,49878271
62096,3,236,6,422,-5,906,-3,-249,-884,20841,0,-300,0,579,0,0,0,104,108,105,109,3,7,521234558,49878161
62296,1,254,3,363,-4,931,-3,-213,-884,20164,0,-300,0,579,0,0,0,111,116,112,116,3,7,521234559,49878052
62496,-1,-44,2,330,-4,943,-2,-192,-884,19457,0,-300,0,579,0,0,0,120,119,120,118,3,7,521234559,49877947
62697,0,103,-1,331,-5,943,-3,-193,-885,18742,0,-300,0,579,0,0,0,122,124,122,124,3,7,521234560,49877848
62897,3,159,-2,301,-4,953,-3,-175,-886,18028,0,-300,0,579,0,0,0,125,127,125,127,3,7,521234560,49877753
63097,-1,-95,-6,287,-4,957,-2,-167,-887,17322,0,-300,0,579,0,0,0,129,126,128,127,3,7,521234561,49877664
63297,3,85,-5,298,-4,954,-2,-173,-889,16634,0,-300,0,579,0,0,0,128,128,128,129,3,7,521234561,49877581
63498,0,-93,-9,295,-3,955,-2,-172,-890,15962,0,-300,0,579,0,0,0,129,127,129,128,3,7,521234562,49877505
63698,3,117,-7,302,-2,952,-1,-176,-892,15311,0,-300,0,579,0,0,0,127,128,126,129,3,7,521234562,49877433
63898,1,-60,-12,291,-1,956,-1,-169,-894,14673,0,-300,0,579,0,0,0,129,126,128,127,3,7,521234563,49877366
64098,3,139,-9,289,0,957,0,-168,-896,14046,0,-300,0,579,0,0,0,126,127,126,128,3,7,521234563,49877302
64298,1,-49,-15,272,0,961,0,-158,-899,13432,0,-300,0,579,0,0,0,127,125,126,126,3,7,521234564,49877243
64499,3,142,-11,268,0,962,0,-155,-901,12828,0,-300,0,579,0,0,0,124,126,124,126,3,7,521234564,49877189
64699,5,-49,-7,250,1,967,1,-145,-904,12229,0,-300,0,579,0,0,0,125,124,125,124,3,7,521234564,49877138
64899,3,-111,-17,273,3,961,2,-158,-906,11632,0,-300,0,579,0,0,0,126,123,125,124,3,7,521234565,49877092
65099,0,151,-16,277,4,960,2,-160,-909,11039,0,-300,0,579,0,0,0,123,125,122,126,3,7,521234565,49877050
65299,4,-15,-12,254,5,966,3,-147,-912,10445,0,-300,0,579,0,0,0,124,123,124,124,3,7,521234565,49877011
65500,4,-76,-23,266,7,963,4,-154,-915,9856,0,-300,0,579,0,0,0,124,121,123,123,3,7,521234566,49876975
65700,8,-76,-18,289,9,957,5,-168,-920,9261,0,-300,0,579,0,0,0,127,124,126,125,3,7,521234566,49876942
65900,8,-51,-11,308,12,950,7,-179,-923,8669,0,-300,0,579,0,0,0,132,130,131,131,3,7,521234566,49876911
66100,-6,224,-6,293,13,955,8,-170,-925,8087,0,-300,0,579,0,0,0,134,138,134,138,3,7,521234566,49876880
66300,0,41,-5,252,12,967,7,-146,-926,7531,0,-300,0,579,0,0,0,140,140,140,140,3,7,521234566,49876849
66501,29,-498,0,302,16,952,9,-175,-927,7014,0,-300,0,579,0,-1,0,147,138,147,139,3,7,521234566,49876821
66701,9,-164,1,400,22,915,13,-236,-927,6537,0,-300,0,579,0,0,0,146,143,147,144,3,7,521234566,49876794
66901,-33,509,-41,373,20,927,12,-219,-930,6106,0,-300,0,579,0,1,0,143,149,140,151,3,7,521234567,49876764
67101,-21,439,-30,242,12,969,7,-140,-937,5722,0,-300,0,579,0,1,0,144,149,142,150,3,7,521234567,49876728
67302,6,48,-10,163,10,986,6,-94,-942,5385,0,-300,0,579,0,0,0,146,145,145,146,3,7,521234567,49876694
67502,45,-507,-6,215,17,976,10,-124,-944,5092,0,-300,0,579,0,-1,0,148,139,149,141,3,7,521234567,49876668
67702,15,-162,0,317,26,947,15,-185,-945,4833,0,-300,0,579,0,0,0,144,142,145,142,3,7,521234567,49876647
67902,4,-53,0,350,30,936,17,-204,-945,4609,0,-300,0,579,0,0,0,142,141,143,142,3,7,521234567,49876627
68102,-18,226,0,333,28,941,17,-194,-945,4412,0,-300,0,579,0,0,0,139,143,139,142,3,7,521234567,49876603
68303,-6,70,0,288,24,956,14,-167,-945,4237,0,-300,0,579,0,0,0,139,140,138,140,3,7,521234567,49876577
68503,-1,21,0,274,22,960,14,-159,-945,4081,0,-300,0,579,0,0,0,138,139,138,139,3,7,521234567,49876551
68703,49,12,-747,270,25,962,15,-156,-993,3936,0,-300,0,579,0,0,-8,158,116,117,161,3,7,521234567,49876527
68903,151,47,-759,260,64,962,37,-151,-1144,3805,0,-300,0,579,0,0,-8,156,114,117,161,3,7,521234567,49876503
69103,167,93,-770,236,121,963,70,-137,-1297,3681,0,-300,0,579,0,0,-8,156,114,116,162,3,7,521234566,49876481
69304,-37,298,-779,176,155,972,90,-101,-1453,3567,0,-300,0,579,0,1,-8,156,118,111,162,3,7,521234562,49876461
69504,24,190,-789,96,156,982,90,-55,-1610,3458,0,-300,0,579,0,0,-8,157,116,113,162,3,7,521234558,49876443
69704,16,168,-796,36,164,985,95,-20,-1768,3353,0,-300,0,579,0,0,-8,157,116,113,162,3,7,521234552,49876430
69904,-19,162,-803,-20,163,985,94,11,1671,3254,0,-300,0,579,0,0,-9,158,116,112,161,3,7,521234545,49876423
70104,-64,150,-810,-73,149,985,86,42,1509,3162,0,-300,0,579,0,0,-9,160,117,111,160,3,7,521234538,49876422
70305,-107,123,-816,-120,119,985,69,69,1346,3073,0,-300,0,579,0,0,-9,160,116,111,161,3,7,521234532,49876425
70505,-144,89,-821,-155,75,984,44,89,1182,2990,0,-300,0,579,0,0,-9,162,117,111,160,3,7,521234526,49876433
70705,-170,44,-826,-177,21,983,12,102,1017,2913,0,-300,0,579,0,0,-9,162,116,112,160,3,7,521234521,49876445
70905,-182,-6,-831,-183,-38,981,-21,105,851,2841,0,-300,0,579,0,0,-9,164,115,112,159,3,7,521234517,49876460
71106,-182,-59,-835,-169,-100,979,-57,97,684,2774,0,-300,0,579,0,0,-9,164,115,113,158,3,7,521234513,49876477
71306,-166,-112,-839,-138,-158,977,-91,79,516,2712,0,-300,0,579,0,0,-9,164,114,114,159,3,7,521234511,49876496
71506,-137,-157,-842,-90,-208,973,-120,51,348,2655,0,-300,0,579,0,0,-9,165,113,114,158,3,7,521234511,49876517
71706,-92,-193,-845,-27,-243,969,-141,16,179,2603,0,-300,0,579,0,0,-9,165,112,115,159,3,7,521234512,49876537
71906,-38,-208,-847,42,-262,963,-152,-24,16,2555,0,-300,0,579,0,0,-9,164,111,116,159,3,7,521234514,49876556
72107,14,-198,-837,114,-262,958,-152,-66,-133,2513,0,-300,0,579,0,0,-7,158,115,121,155,3,7,521234518,49876573
72307,55,-174,-740,179,-247,953,-143,-103,-267,2472,0,-300,0,579,0,0,-5,153,120,127,151,3,7,521234523,49876588
72507,84,-145,-685,232,-220,948,-129,-134,-388,2436,0,-300,0,579,0,0,-5,141,112,118,140,3,7,521234530,49876600
72707,107,-115,-571,276,-185,943,-109,-160,-498,2390,0,-300,0,579,0,0,-4,138,113,119,138,3,7,521234537,49876607
72907,110,-84,-540,309,-146,940,-87,-179,-595,2321,0,-300,0,579,0,0,-4,137,115,120,139,3,7,521234545,49876610
73108,126,180,-562,302,-104,947,-62,-175,-692,2233,0,-300,0,579,0,0,-4,137,118,119,143,3,7,521234554,49876608
73308,130,39,-574,270,-60,960,-37,-156,-791,2125,0,-300,0,579,0,0,-4,139,119,121,144,3,7,521234562,49876602
73508,137,12,-635,263,-16,964,-11,-152,-896,2007,0,-300,0,579,0,0,-4,143,118,121,146,3,7,521234569,49876595
73708,145,24,-826,257,30,965,16,-149,-1011,1880,0,-300,0,579,0,0,-7,150,112,115,154,3,7,521234576,49876587
73908,154,56,-823,244,83,965,47,-141,-1144,1749,0,-300,0,579,0,0,-7,149,114,116,155,3,7,521234581,49876580
74109,143,91,-821,219,135,966,77,-126,-1278,1614,0,-300,0,579,0,0,-7,150,115,116,155,3,7,521234586,49876574
74309,118,120,-660,183,180,966,104,-105,-1407,1481,0,-300,0,579,0,0,-4,144,122,122,150,3,7,521234589,49876568
74509,82,125,-549,141,214,966,124,-81,-1514,1347,0,-300,0,579,0,0,-4,145,126,124,149,3,7,521234591,49876562
74709,50,116,-436,100,236,966,137,-57,-1602,1218,0,-300,0,579,0,0,-3,144,130,129,148,3,7,521234592,49876557
74910,27,97,-329,63,249,965,145,-36,-1670,1096,0,-300,0,579,0,0,-2,143,133,131,146,3,7,521234592,49876553
75110,12,88,-364,33,256,965,148,-19,-1731,984,0,-300,0,579,0,0,-2,145,133,131,148,3,7,521234592,49876548
75310,2,84,-326,3,258,965,150,-2,-1793,883,0,-300,0,579,0,0,-2,145,135,132,146,3,7,521234592,49876544
75510,-6,74,-260,-23,258,965,149,13,1754,793,0,-300,0,579,0,0,-1,143,136,134,145,3,7,521234592,49876541
75710,-12,68,-296,-47,255,965,148,27,1705,716,0,-300,0,579,0,0,-2,144,135,133,146,3,7,521234592,49876537
75911,-18,67,-277,-70,250,965,145,40,1653,649,0,-300,0,579,0,0,-2,144,135,133,145,3,7,521234593,49876533
76111,-22,59,-228,-91,243,965,141,52,1608,593,0,-300,0,579,0,0,-1,143,135,133,144,3,7,521234593,49876530
76311,-24,52,-225,-110,235,965,136,63,1568,543,0,-300,0,579,0,0,-1,143,135,133,143,3,7,521234594,49876526
76511,-26,47,-206,-127,226,965,131,73,1529,501,0,-300,0,579,0,0,-1,142,135,133,142,3,7,521234595,49876522
76711,-24,38,-145,-142,217,965,126,81,1498,466,0,-300,0,579,0,0,-1,141,136,134,140,3,7,521234596,49876519
76912,-21,29,-121,-153,209,965,122,88,1474,434,0,-300,0,579,0,0,0,139,136,135,139,3,7,521234598,49876515
77112,-17,20,-70,-162,203,965,118,93,1457,405,0,-300,0,579,0,0,0,138,136,136,139,3,7,521234600,49876512
77312,-12,14,-51,-167,198,965,115,96,1446,379,0,-300,0,579,0,0,0,138,136,136,138,3,7,521234602,49876509
77512,-9,9,-41,-171,194,965,113,98,1438,356,0,-300,0,579,0,0,0,137,137,136,138,3,7,521234605,49876505
77713,18,-229,15,-141,195,970,114,81,1436,332,0,-300,0,579,0,0,0,139,135,140,135,3,7,521234609,49876502
77913,7,-76,3,-93,199,975,116,53,1438,309,0,-300,0,579,0,0,0,138,136,138,136,3,7,521234612,49876499
78113,11,-32,66,-76,202,976,117,43,1445,289,0,-300,0,579,0,0,0,135,138,139,135,3,7,521234615,49876499
78313,9,-21,43,-66,205,976,119,38,1455,268,0,-300,0,579,0,0,0,136,137,138,136,3,7,521234615,49876500
78513,14,-18,86,-60,209,975,121,34,1466,249,0,-300,0,579,0,0,0,136,138,139,135,3,7,521234614,49876504
78714,15,-22,95,-53,213,975,123,30,1483,230,0,-300,0,579,0,0,0,136,139,139,135,3,7,521234610,49876510
78914,-7,203,156,-79,214,973,124,45,1507,212,0,-300,0,579,0,0,1,132,142,139,136,3,7,521234605,49876518
79114,16,31,260,-115,215,969,125,66,1545,196,0,-300,0,579,0,0,2,132,143,143,132,3,7,521234598,49876528
79314,29,-42,397,-113,223,968,129,65,1606,182,0,-300,0,579,0,0,3,130,145,147,129,3,7,521234592,49876537
79514,34,-92,600,-92,233,967,135,53,1694,171,0,-300,0,579,0,0,4,126,148,151,125,3,7,521234587,49876545
79715,24,-128,756,-55,244,967,141,31,-1795,163,0,-300,0,579,0,0,8,117,157,161,115,3,7,521234584,49876553
79915,0,-161,766,-3,249,968,144,2,-1657,154,0,-300,0,579,0,0,8,118,157,161,113,3,7,521234583,49876561
80115,-39,-170,669,55,242,968,140,-31,-1515,149,0,-300,0,579,0,0,5,127,149,152,122,3,7,521234584,49876569
80315,-51,-120,310,106,225,968,130,-61,-1427,143,0,-300,0,579,0,0,2,133,143,144,129,3,7,521234587,49876577
80515,-7,-15,28,133,212,967,123,-76,-1395,139,0,0,0,549,0,0,0,0,0,0,0,0,7,521234592,49876585
80716,0,0,0,134,212,967,123,-77,-1394,0,0,0,0,549,0,0,0,0,0,0,0,0,7,521234597,49876592
80916,0,0,0,134,212,967,123,-77,-1394,0,0,0,0,549,0,0,0,0,0,0,0,0,7,521234597,49876592
81116,0,0,0,134,212,967,123,-77,-1394,0,0,0,0,549,0,0,0,0,0,0,0,0,7,521234597,49876592
81316,0,0,0,134,212,967,123,-77,-1394,0,0,0,0,549,0,0,0,0,0,0,0,0,7,521234597,49876592
81517,0,0,0,134,212,967,123,-77,-1394,0,0,0,0,549,0,0,0,0,0,0,0,0,7,521234597,49876592
81717,0,0,0,134,212,967,123,-77,-1394,0,0,0,0,549,0,0,0,0,0,0,0,0,7,521234597,49876592
81917,0,0,0,134,212,967,123,-77,-1394,0,0,0,0,549,0,0,0,0,0,0,0,0,7,521234597,49876592
82117,0,0,0,134,212,967,123,-77,-1394,0,0,0,0,549,0,0,0,0,0,0,0,0,7,521234597,49876592
82317,0,0,0,134,212,967,123,-77,-1394,0,0,0,0,549,0,0,0,0,0,0,0,0,7,521234597,49876592
82518,0,0,0,134,212,967,123,-77,-1394,0,0,0,0,549,0,0,0,0,0,0,0,0,7,521234597,49876592
82718,0,0,0,134,212,967,123,-77,-1394,0,0,0,0,549,0,0,0,0,0,0,0,0,7,521234597,49876592
82918,0,0,0,134,212,967,123,-77,-1394,0,0,0,0,549,0,0,0,0,0,0,0,0,7,521234597,49876592
83118,0,0,0,134,212,967,123,-77,-1394,0,0,0,0,549,0,0,0,0,0,0,0,0,7,521234597,49876592
83318,0,0,0,134,212,967,123,-77,-1394,0,0,0,0,549,0,0,0,0,0,0,0,0,7,521234597,49876592
83519,0,0,0,134,212,967,123,-77,-1394,0,0,0,0,549,0,0,0,0,0,0,0,0,7,521234597,49876592
83719,0,0,0,134,212,967,123,-77,-1394,0,0,0,0,549,0,0,0,0,0,0,0,0,7,521234597,49876592
83919,0,0,0,134,212,967,123,-77,-1394,0,0,0,0,549,0,0,0,0,0,0,0,0,7,521234597,49876592
84119,0,0,0,134,212,967,123,-77,-1394,0,0,0,0,549,0,0,0,0,0,0,0,0,7,521234597,49876592
84319,0,0,0,134,212,967,123,-77,-1394,0,0,0,0,549,0,0,0,0,0,0,0,0,7,521234597,49876592
ak> sim:  84631 ms  roll   12.3 deg  pitch   -7.8 deg  motors 0.00 0.00 0.00 0.00
sim:  85631 ms  roll   12.3 deg  pitch   -7.8 deg  motors 0.00 0.00 0.00 0.00
sim:  86631 ms  roll   12.3 deg  pitch   -7.8 deg  motors 0.00 0.00 0.00 0.00
sim:  87631 ms  roll   12.3 deg  pitch   -7.8 deg  motors 0.00 0.00 0.00 0.00
sim:  88631 ms  roll   12.3 deg  pitch   -7.8 deg  motors 0.00 0.00 0.00 0.00
sim:  89631 ms  roll   12.3 deg  pitch   -7.8 deg  motors 0.00 0.00 0.00 0.00
sim:  90631 ms  roll   12.3 deg  pitch   -7.8 deg  motors 0.00 0.00 0.00 0.00
alive: 90631 ms, 89905 loops
sim:  91631 ms  roll   12.3 deg  pitch   -7.8 deg  motors 0.00 0.00 0.00 0.00
sim:  92631 ms  roll   12.3 deg  pitch   -7.8 deg  motors 0.00 0.00 0.00 0.00
sim:  93631 ms  roll   12.3 deg  pitch   -7.8 deg  motors 0.00 0.00 0.00 0.00
sim:  94631 ms  roll   12.3 deg  pitch   -7.8 deg  motors 0.00 0.00 0.00 0.00
sim:  95631 ms  roll   12.3 deg  pitch   -7.8 deg  motors 0.00 0.00 0.00 0.00
sim:  96631 ms  roll   12.3 deg  pitch   -7.8 deg  motors 0.00 0.00 0.00 0.00
sim:  97632 ms  roll   12.3 deg  pitch   -7.8 deg  motors 0.00 0.00 0.00 0.00
sim:  98631 ms  roll   12.3 deg  pitch   -7.8 deg  motors 0.00 0.00 0.00 0.00
sim:  99631 ms  roll   12.3 deg  pitch   -7.8 deg  motors 0.00 0.00 0.00 0.00
sim: ok   the quadrotor flew away from home          147 m out at its furthest
sim: ok   and its yaw estimate had found the ground track by then the estimator's yaw was 0 deg from the track it was making when the link went
sim: ok   the navigator says the return engaged      the console reports it engaged
sim: ok   and brought it back over the ground it took off from closest approach 0 m of 136 m out; 1 m out when it first reached the hover height
sim: ok   then descended to the hover height it was told to hold at 3.5 m above home on arrival, 2.1 m four seconds later
sim: ok   and it came down over the ground it took off from the descent started 9.5 m from home at 22.3 m up
sim: ok   and it held its station over home while it settled averaged 0.5 m from home over 111 samples of the settle
sim: ok   and the blackbox carries the height and the yaw of the flight 418 records, height 0.0 to 23.3 m, yaw span 355 deg, last position 0 m from where the aircraft is
sim: ok   and where the flight ended, from the last record in it 418 records, height 0.0 to 23.3 m, yaw span 355 deg, last position 0 m from where the aircraft is
sim: ok   a bare board's preflight names every part that is not on it imu yes, baro yes, rangefinder yes, altitude yes, battery yes, and the two reports yes yes
sim: ok   and the same board flew the return and landed on what it has, which is the gps and the inertial sensor on the ground at 0.0 m, motors stopped 0.1 m up, 0 m from home
sim: ok   and it landed and stopped its motors there on the ground at 0.0 m, motors stopped at 0.1 m, 0 m from home
sim: ok   and stayed down - disarmed - when the receiver came back the later status says disarmed
sim: ok   and the flight mode it sent said RTH       DISARM
sim: ok   the handset asked who is on the link, and got one answer per ping 2 pings up the wire, 2 answers back, name "aerialkit-f405"
sim: ok   and the answer is the device-info frame a handset expects "aerialkit-f405", to 0xea from 0xc8, 0 parameters, version 1

sim: ---- 100 s of simulated flight ----
sim: 100000 ms, 99894 passes of the main loop
sim: ok   one pass of the loop is one millisecond    1.0011 ms per pass over 99894 passes
sim: ok   every radio byte reached the parser        53234 of 53234 bytes taken, ring dropped 0
sim: ok   the radio sent frames throughout           2047 frames of 26 bytes each
sim: ok   the gps stream reached the parser          497 gps frames, 0 bytes dropped
sim: ok   the position the gps sent is the position the firmware has looking for "52.1234567, 4.9876543" in the console: found
sim: ok   the aircraft armed and the mixer drove the motors motors turning 3013..80430 ms, up to 1.00
sim: PASS (0 checks failed)
