
AerialKit Firmware
  product:  aerialkit-f405
  board:    SIM / software in the loop
  rev:      879086d-dirty
  built:    Sep 18 2026 / 17:29:14
  clocks:   simulated, 160 MHz
  state:    no sensor drivers - the flight loop runs in failsafe

faults: none recorded
selftest:
  ok       squareroot of 9 is 3
  ok       atan2(1,1) is pi/4
  ok       quad hover is symmetric
  ok       quad roll right lifts the left pair
  ok       quad nose-up lifts the front pair
  ok       wing pitch moves both elevons together
  ok       wing roll moves the elevons opposite ways
  ok       wing yaw is differential thrust
  ok       estimator holds level when level
  ok       disarmed means motors at zero and servos centred
  ok       arm switch plus low throttle arms
  ok       armed, roll right lifts the left pair
  ok       RC loss stops the motors
  ok       failsafe is latched, not just this frame
  ok       failsafe holds until the arm switch is cycled
  ok       a wing arms the same way
  ok       a wing that loses its link circles down instead of stopping
  ok       and a link that comes back does not take it back mid-descent
  ok       and the ground disarms it
selftest: passed

imu:       configured for 1 kHz, gyro 2000 dps, accel 16 g
imu:       icm42688p
baro:      dps310
rangefinder: tof10120 at 0x52, up to 2.00 m
console: type 'help'
no saved configuration
preflight: the machine is what the firmware thinks it is
boot: ok
ak> sim:    812 ms  roll    0.0 deg  pitch    0.0 deg  motors 0.00 0.00 0.00 0.00
home: from the first fix while disarmed, 52.1234567, 4.9876543
set rth_enable 1
rth_enable = 1
ak> gyro: bias measured while disarmed: 0 0 0 mdps (500 samples, 0 rejected)
sim:   1811 ms  roll    0.0 deg  pitch    0.0 deg  motors 0.00 0.00 0.00 0.00
sim:   2501 ms  arm switch on, throttle down
sim:   2811 ms  roll    0.0 deg  pitch    0.0 deg  motors 0.00 0.00 0.00 0.00
sim:   3811 ms  roll    0.0 deg  pitch    0.0 deg  motors 0.07 0.07 0.07 0.07
sim:   4001 ms  throttle up, climbing
sim:   4811 ms  roll    0.0 deg  pitch    0.0 deg  motors 0.59 0.59 0.59 0.59
sim:   5811 ms  roll    0.0 deg  pitch    0.0 deg  motors 0.59 0.59 0.59 0.59
sim:   6811 ms  roll    0.0 deg  pitch    0.0 deg  motors 0.59 0.59 0.59 0.59
sim:   7001 ms  nose down, flying out east
sim:   7811 ms  roll    0.0 deg  pitch  -10.5 deg  motors 0.59 0.59 0.59 0.59
sim:   8811 ms  roll    0.0 deg  pitch  -10.6 deg  motors 0.59 0.59 0.59 0.59
sim:   9811 ms  roll    0.0 deg  pitch  -10.5 deg  motors 0.59 0.59 0.59 0.59
sim:  10811 ms  roll    0.0 deg  pitch  -10.5 deg  motors 0.59 0.59 0.59 0.59
alive: 10811 ms, 9990 loops
sim:  11811 ms  roll    0.0 deg  pitch  -10.5 deg  motors 0.59 0.59 0.59 0.59
sim:  12811 ms  roll    0.0 deg  pitch  -10.5 deg  motors 0.59 0.59 0.59 0.59
sim:  13811 ms  roll    0.0 deg  pitch  -10.5 deg  motors 0.59 0.59 0.59 0.59
sim:  14811 ms  roll    0.0 deg  pitch  -10.5 deg  motors 0.59 0.59 0.59 0.59
sim:  15811 ms  roll    0.0 deg  pitch  -10.5 deg  motors 0.59 0.59 0.59 0.59
sim:  16811 ms  roll    0.0 deg  pitch  -10.5 deg  motors 0.59 0.59 0.59 0.59
sim:  17811 ms  roll    0.0 deg  pitch  -10.5 deg  motors 0.59 0.59 0.59 0.59
sim:  18811 ms  roll    0.0 deg  pitch  -10.5 deg  motors 0.59 0.59 0.59 0.59
sim:  19811 ms  roll    0.0 deg  pitch  -10.5 deg  motors 0.59 0.59 0.59 0.59
sim:  20811 ms  roll    0.0 deg  pitch  -10.5 deg  motors 0.59 0.59 0.59 0.59
alive: 20811 ms, 19979 loops
sim:  21811 ms  roll    0.0 deg  pitch  -10.5 deg  motors 0.59 0.59 0.59 0.59
sim:  22001 ms  receiver unplugged, 136 m out at 22.3 m, 9 m/s
sim:  22002 ms  135.7 m from home, 22.3 m up, mode ANGLE
sim:  22811 ms  roll    1.6 deg  pitch   27.9 deg  motors 0.39 0.55 0.57 0.41
sim:  23002 ms  143.2 m from home, 23.1 m up, mode RTH
sim:  23811 ms  roll    2.2 deg  pitch   29.2 deg  motors 0.63 0.47 0.45 0.62
sim:  24002 ms  146.4 m from home, 23.0 m up, mode RTH
sim:  24811 ms  roll   13.4 deg  pitch   25.4 deg  motors 0.45 0.60 0.65 0.46
sim:  25002 ms  146.6 m from home, 22.9 m up, mode RTH
sim:  25811 ms  roll   13.6 deg  pitch   25.3 deg  motors 0.53 0.60 0.60 0.53
sim:  26002 ms  145.0 m from home, 22.8 m up, mode RTH
gps
gps:       12600 bytes, 126 messages, 126 NAV-PVT, 0 bad checksums, 0 bad lengths, 0 other
fix:       type 3 (ok), 11 satellites, pdop 1.23, hacc 1200 mm
usable:    yes (needs 6 satellites, has 11)
position:  52.1234596, 4.9897822
altitude:  142794 mm msl
motion:    1995 mm/s, course -97.-96156 deg
uart:      0 bytes dropped by the receive buffer
fixes:     126, valid now: yes
configure:  0 attempts
home:      145 m away, bearing -90.-12 deg
return:    engaged, 1 engagements, holding 142640 mm (quadrotor: climb, translate, settle profile)
link:      gone, returning enabled
ak> sim:  26811 ms  roll   19.7 deg  pitch   20.6 deg  motors 0.56 0.55 0.54 0.56
sim:  27002 ms  142.3 m from home, 22.8 m up, mode RTH
sim:  27811 ms  roll   26.1 deg  pitch   10.8 deg  motors 0.53 0.57 0.60 0.51
sim:  28002 ms  139.0 m from home, 22.8 m up, mode RTH
sim:  28811 ms  roll   23.4 deg  pitch  -17.3 deg  motors 0.47 0.62 0.62 0.42
sim:  29002 ms  135.2 m from home, 22.8 m up, mode RTH
sim:  29811 ms  roll   -4.9 deg  pitch  -27.0 deg  motors 0.49 0.62 0.60 0.48
sim:  30002 ms  131.2 m from home, 22.8 m up, mode RTH
sim:  30811 ms  roll  -15.3 deg  pitch  -20.2 deg  motors 0.54 0.55 0.56 0.54
alive: 30811 ms, 29969 loops
sim:  31002 ms  127.3 m from home, 22.8 m up, mode RTH
sim:  31811 ms  roll  -10.7 deg  pitch  -23.5 deg  motors 0.57 0.51 0.53 0.58
sim:  32002 ms  123.5 m from home, 22.8 m up, mode RTH
sim:  32811 ms  roll    1.6 deg  pitch  -26.5 deg  motors 0.57 0.49 0.50 0.58
sim:  33002 ms  119.7 m from home, 22.8 m up, mode RTH
sim:  33811 ms  roll   10.6 deg  pitch  -24.0 deg  motors 0.58 0.55 0.55 0.59
sim:  34002 ms  116.0 m from home, 22.8 m up, mode RTH
sim:  34811 ms  roll   11.7 deg  pitch  -23.6 deg  motors 0.56 0.57 0.57 0.56
sim:  35002 ms  112.2 m from home, 22.8 m up, mode RTH
sim:  35811 ms  roll    7.1 deg  pitch  -25.6 deg  motors 0.55 0.58 0.58 0.55
sim:  36002 ms  108.5 m from home, 22.8 m up, mode RTH
sim:  36811 ms  roll    1.9 deg  pitch  -26.5 deg  motors 0.54 0.56 0.56 0.54
sim:  37002 ms  104.7 m from home, 22.8 m up, mode RTH
sim:  37811 ms  roll   -0.4 deg  pitch  -26.4 deg  motors 0.53 0.53 0.54 0.53
sim:  38002 ms  100.9 m from home, 22.8 m up, mode RTH
sim:  38811 ms  roll    0.8 deg  pitch  -26.4 deg  motors 0.57 0.56 0.56 0.58
sim:  39002 ms  97.2 m from home, 22.8 m up, mode RTH
sim:  39811 ms  roll    3.0 deg  pitch  -26.3 deg  motors 0.55 0.54 0.54 0.56
sim:  40002 ms  93.4 m from home, 22.8 m up, mode RTH
sim:  40811 ms  roll    4.4 deg  pitch  -26.1 deg  motors 0.54 0.53 0.53 0.54
alive: 40811 ms, 39958 loops
sim:  41002 ms  89.7 m from home, 22.8 m up, mode RTH
sim:  41811 ms  roll    4.1 deg  pitch  -26.2 deg  motors 0.57 0.57 0.57 0.56
sim:  42002 ms  85.9 m from home, 22.8 m up, mode RTH
sim:  42002 ms  the fix degrades to 4 satellites, 22.8 m up, 85.9 m from home
sim:  42811 ms  roll   -0.2 deg  pitch   -0.1 deg  motors 0.55 0.55 0.55 0.55
sim:  43002 ms  83.5 m from home, 22.8 m up, mode RTH
sim:  43811 ms  roll   -0.0 deg  pitch    0.1 deg  motors 0.55 0.55 0.55 0.55
sim:  44002 ms  83.9 m from home, 22.8 m up, mode RTH
sim:  44811 ms  roll   -0.0 deg  pitch    0.1 deg  motors 0.55 0.55 0.55 0.55
sim:  45002 ms  86.1 m from home, 22.8 m up, mode RTH
sim:  45811 ms  roll   -0.0 deg  pitch    0.0 deg  motors 0.55 0.55 0.55 0.55
sim:  46002 ms  89.4 m from home, 22.8 m up, mode RTH
sim:  46811 ms  roll   -0.0 deg  pitch    0.0 deg  motors 0.53 0.54 0.53 0.54
sim:  47002 ms  93.4 m from home, 22.8 m up, mode RTH
gps
gps:       23100 bytes, 231 messages, 231 NAV-PVT, 0 bad checksums, 0 bad lengths, 0 other
fix:       type 3 (ok), 4 satellites, pdop 1.23, hacc 1200 mm
usable:    no - 4 satellites, and the navigator wants 6
position:  52.1234501, 4.9890087
altitude:  142776 mm msl
motion:    4142 mm/s, course 90.14004 deg
uart:      0 bytes dropped by the receive buffer
fixes:     231, valid now: no
configure:  0 attempts
home:      92 m away, bearing -89.-54 deg
return:    engaged, 1 engagements, holding 142640 mm (quadrotor: climb, translate, settle profile)
held:      4987 steps with no fix, still holding - level, altitude held
link:      gone, returning enabled
ak> sim:  47811 ms  roll   -0.0 deg  pitch    0.0 deg  motors 0.55 0.55 0.55 0.55
sim:  48002 ms  97.8 m from home, 22.8 m up, mode RTH
sim:  48811 ms  roll   -0.0 deg  pitch    0.0 deg  motors 0.55 0.55 0.55 0.55
sim:  49002 ms  102.4 m from home, 22.8 m up, mode RTH
sim:  49811 ms  roll   -0.0 deg  pitch    0.0 deg  motors 0.57 0.57 0.57 0.57
sim:  50002 ms  107.2 m from home, 22.8 m up, mode RTH
sim:  50811 ms  roll   -0.0 deg  pitch    0.0 deg  motors 0.55 0.55 0.55 0.55
alive: 50811 ms, 49947 loops
sim:  51002 ms  112.0 m from home, 22.8 m up, mode RTH
preflight
ok    console attached to the board's own port
ok    clock on the crystal, system 160 MHz, apb1 160 MHz
ok    tick advanced after 595 spins
ok    dshot 300 kHz, ARR 279, ccr 98/196, 51004 frames sent
ok    saved configuration: none stored
ok    no fault recorded since power on
ok    airframe 0: the quad-x mix and a quadrotor return
ok    outputs: 4 motors, 2 servos on this board, and the mix needs 4 and 0
--    gyro bias: measured (500 samples): 0 0 0 mdps
--    imu: icm42688p
--    baro: dps310
--    rangefinder: tof10120, nothing in range
--    altitude: barometer, gps anchored
--    battery: 3S, 12.00 V, 4.00 V a cell - ok
--    receiver: 27572 bytes, 1060 frames
--    gps: 25100 bytes, 251 nav-pvt, 0 configure attempts
--    fix: type 3, 4 satellites, hacc 1200 mm - not usable by the navigator
--          too few satellites
--    return: enabled, but the fix is not usable - a lost link would stop it
--    blackbox: 384 records (wrapped)
--    long log: 384 records in retained RAM
--    flash log: 250 records
--    link gone, returning home
--    launch: off - no channel
--    arm:       refused - the receiver has gone quiet (1060 frames)
preflight: the machine is what the firmware thinks it is
ak> sim:  51811 ms  roll   -0.0 deg  pitch    0.0 deg  motors 0.55 0.55 0.55 0.55
sim:  52002 ms  116.9 m from home, 22.8 m up, mode RTH
sim:  52811 ms  roll   -0.0 deg  pitch    0.0 deg  motors 0.55 0.55 0.55 0.55
sim:  53002 ms  121.9 m from home, 22.8 m up, mode RTH
sim:  53811 ms  roll    0.0 deg  pitch    0.0 deg  motors 0.55 0.55 0.55 0.55
sim:  54002 ms  126.9 m from home, 22.8 m up, mode RTH
sim:  54811 ms  roll    0.0 deg  pitch    0.0 deg  motors 0.57 0.57 0.57 0.57
sim:  55002 ms  131.8 m from home, 22.8 m up, mode RTH
sim:  55811 ms  roll    0.0 deg  pitch    0.0 deg  motors 0.53 0.53 0.53 0.53
sim:  56002 ms  136.8 m from home, 22.8 m up, mode RTH
sim:  56811 ms  roll    0.0 deg  pitch    0.0 deg  motors 0.54 0.54 0.54 0.54
sim:  57002 ms  141.8 m from home, 22.8 m up, mode RTH
sim:  57811 ms  roll    0.0 deg  pitch    0.0 deg  motors 0.55 0.55 0.55 0.55
sim:  58002 ms  146.8 m from home, 22.8 m up, mode RTH
sim:  58811 ms  roll    0.0 deg  pitch    0.0 deg  motors 0.55 0.55 0.55 0.55
sim:  59002 ms  151.8 m from home, 22.8 m up, mode RTH
sim:  59811 ms  roll    0.0 deg  pitch    0.0 deg  motors 0.55 0.55 0.55 0.55
sim:  60002 ms  156.8 m from home, 22.8 m up, mode RTH
sim:  60811 ms  roll    0.0 deg  pitch    0.0 deg  motors 0.55 0.55 0.55 0.55
alive: 60811 ms, 59936 loops
sim:  61002 ms  161.8 m from home, 22.8 m up, mode RTH
sim:  61811 ms  roll    0.0 deg  pitch    0.0 deg  motors 0.55 0.55 0.55 0.55
sim:  62002 ms  166.8 m from home, 22.8 m up, mode RTH
sim:  62002 ms  the fix is good again, 11 satellites, 22.8 m up, 166.8 m from home
sim:  62811 ms  roll   27.6 deg  pitch   -3.2 deg  motors 0.61 0.49 0.44 0.66
sim:  63002 ms  170.4 m from home, 22.8 m up, mode RTH
sim:  63811 ms  roll    8.5 deg  pitch   26.7 deg  motors 0.65 0.49 0.43 0.62
sim:  64002 ms  171.0 m from home, 22.8 m up, mode RTH
sim:  64811 ms  roll  -21.3 deg  pitch   20.9 deg  motors 0.67 0.45 0.46 0.61
sim:  65002 ms  169.5 m from home, 22.8 m up, mode RTH
sim:  65811 ms  roll  -28.8 deg  pitch   -8.2 deg  motors 0.61 0.49 0.51 0.60
sim:  66002 ms  166.8 m from home, 22.8 m up, mode RTH
sim:  66811 ms  roll  -12.8 deg  pitch  -26.5 deg  motors 0.60 0.48 0.51 0.61
sim:  67002 ms  163.2 m from home, 22.8 m up, mode RTH
sim:  67811 ms  roll    3.0 deg  pitch  -26.6 deg  motors 0.58 0.52 0.52 0.58
sim:  68002 ms  159.3 m from home, 22.8 m up, mode RTH
sim:  68811 ms  roll    6.5 deg  pitch  -25.2 deg  motors 0.53 0.54 0.54 0.53
sim:  69002 ms  155.4 m from home, 22.8 m up, mode RTH
sim:  69811 ms  roll    1.3 deg  pitch  -26.3 deg  motors 0.53 0.57 0.57 0.52
sim:  70002 ms  151.6 m from home, 22.8 m up, mode RTH
sim:  70811 ms  roll   -5.9 deg  pitch  -25.8 deg  motors 0.53 0.57 0.56 0.53
alive: 70811 ms, 69925 loops
sim:  71002 ms  147.8 m from home, 22.8 m up, mode RTH
sim:  71811 ms  roll   -9.4 deg  pitch  -24.6 deg  motors 0.55 0.55 0.55 0.55
sim:  72002 ms  144.1 m from home, 22.8 m up, mode RTH
sim:  72811 ms  roll   -8.4 deg  pitch  -25.1 deg  motors 0.56 0.54 0.55 0.56
sim:  73002 ms  140.3 m from home, 22.8 m up, mode RTH
sim:  73811 ms  roll   -5.3 deg  pitch  -26.1 deg  motors 0.56 0.54 0.54 0.56
sim:  74002 ms  136.5 m from home, 22.8 m up, mode RTH
sim:  74811 ms  roll   -2.7 deg  pitch  -26.4 deg  motors 0.55 0.54 0.55 0.55
sim:  75002 ms  132.8 m from home, 22.8 m up, mode RTH
sim:  75811 ms  roll   -2.4 deg  pitch  -26.4 deg  motors 0.55 0.55 0.55 0.55
sim:  76002 ms  129.0 m from home, 22.8 m up, mode RTH
sim:  76811 ms  roll   -3.4 deg  pitch  -26.2 deg  motors 0.55 0.56 0.55 0.54
sim:  77002 ms  125.2 m from home, 22.8 m up, mode RTH
sim:  77811 ms  roll   -4.5 deg  pitch  -26.1 deg  motors 0.55 0.55 0.55 0.55
sim:  78002 ms  121.4 m from home, 22.8 m up, mode RTH
sim:  78811 ms  roll   -4.8 deg  pitch  -26.1 deg  motors 0.57 0.57 0.57 0.57
sim:  79002 ms  117.7 m from home, 22.8 m up, mode RTH
sim:  79811 ms  roll   -4.2 deg  pitch  -26.2 deg  motors 0.55 0.55 0.55 0.55
sim:  80002 ms  113.9 m from home, 22.8 m up, mode RTH
sim:  80811 ms  roll   -3.6 deg  pitch  -26.3 deg  motors 0.55 0.55 0.55 0.55
alive: 80811 ms, 79915 loops
sim:  81002 ms  110.2 m from home, 22.8 m up, mode RTH
sim:  81811 ms  roll   -3.2 deg  pitch  -26.3 deg  motors 0.55 0.55 0.55 0.55
sim:  82002 ms  106.4 m from home, 22.8 m up, mode RTH
sim:  82811 ms  roll   -3.2 deg  pitch  -26.3 deg  motors 0.55 0.55 0.55 0.55
sim:  83002 ms  102.6 m from home, 22.8 m up, mode RTH
sim:  83811 ms  roll   -3.2 deg  pitch  -26.3 deg  motors 0.54 0.54 0.54 0.54
sim:  84002 ms  98.9 m from home, 22.8 m up, mode RTH
sim:  84811 ms  roll   -3.2 deg  pitch  -26.3 deg  motors 0.55 0.55 0.55 0.55
sim:  85002 ms  95.1 m from home, 22.8 m up, mode RTH
sim:  85811 ms  roll   -3.0 deg  pitch  -26.3 deg  motors 0.55 0.55 0.55 0.55
sim:  86002 ms  91.4 m from home, 22.8 m up, mode RTH
sim:  86811 ms  roll   -2.8 deg  pitch  -26.3 deg  motors 0.55 0.55 0.55 0.55
sim:  87002 ms  87.6 m from home, 22.8 m up, mode RTH
sim:  87811 ms  roll   -2.6 deg  pitch  -26.3 deg  motors 0.55 0.55 0.55 0.55
sim:  88002 ms  83.9 m from home, 22.8 m up, mode RTH
sim:  88811 ms  roll   -2.5 deg  pitch  -26.3 deg  motors 0.55 0.55 0.55 0.55
sim:  89002 ms  80.1 m from home, 22.8 m up, mode RTH
sim:  89811 ms  roll   -2.4 deg  pitch  -26.3 deg  motors 0.55 0.55 0.55 0.55
sim:  90002 ms  76.4 m from home, 22.8 m up, mode RTH
sim:  90811 ms  roll   -2.4 deg  pitch  -26.4 deg  motors 0.55 0.55 0.55 0.55
alive: 90811 ms, 89904 loops
sim:  91002 ms  72.6 m from home, 22.8 m up, mode RTH
sim:  91811 ms  roll   -2.1 deg  pitch  -26.4 deg  motors 0.55 0.55 0.55 0.55
sim:  92002 ms  68.9 m from home, 22.8 m up, mode RTH
sim:  92811 ms  roll   -1.9 deg  pitch  -26.4 deg  motors 0.55 0.55 0.55 0.55
sim:  93002 ms  65.1 m from home, 22.8 m up, mode RTH
sim:  93811 ms  roll   -1.8 deg  pitch  -26.4 deg  motors 0.55 0.55 0.55 0.55
sim:  94002 ms  61.4 m from home, 22.8 m up, mode RTH
sim:  94811 ms  roll   -1.7 deg  pitch  -26.4 deg  motors 0.54 0.54 0.54 0.54
sim:  95002 ms  57.7 m from home, 22.8 m up, mode RTH
sim:  95811 ms  roll   -1.6 deg  pitch  -26.4 deg  motors 0.55 0.55 0.55 0.55
sim:  96002 ms  53.9 m from home, 22.8 m up, mode RTH
sim:  96811 ms  roll   -1.4 deg  pitch  -26.4 deg  motors 0.55 0.55 0.55 0.55
sim:  97002 ms  50.2 m from home, 22.8 m up, mode RTH
sim:  97811 ms  roll   -1.2 deg  pitch  -26.4 deg  motors 0.55 0.55 0.55 0.55
sim:  98002 ms  46.4 m from home, 22.8 m up, mode RTH
sim:  98811 ms  roll   -1.1 deg  pitch  -26.4 deg  motors 0.55 0.55 0.55 0.55
sim:  99002 ms  42.7 m from home, 22.8 m up, mode RTH
sim:  99811 ms  roll   -0.9 deg  pitch  -26.4 deg  motors 0.55 0.55 0.55 0.55
sim: 100002 ms  39.0 m from home, 22.8 m up, mode RTH
sim: 100811 ms  roll   -0.7 deg  pitch  -26.4 deg  motors 0.55 0.55 0.55 0.55
alive: 100811 ms, 99894 loops
sim: 101002 ms  35.2 m from home, 22.8 m up, mode RTH
sim: 101811 ms  roll   -0.6 deg  pitch  -26.4 deg  motors 0.55 0.55 0.55 0.55
sim: 102002 ms  31.5 m from home, 22.8 m up, mode RTH
sim: 102811 ms  roll   -0.5 deg  pitch  -26.4 deg  motors 0.55 0.55 0.55 0.55
sim: 103002 ms  27.7 m from home, 22.8 m up, mode RTH
sim: 103811 ms  roll   -0.3 deg  pitch  -26.5 deg  motors 0.55 0.55 0.55 0.55
sim: 104002 ms  24.0 m from home, 22.8 m up, mode RTH
sim: 104811 ms  roll   -0.1 deg  pitch  -26.4 deg  motors 0.55 0.55 0.55 0.55
sim: 105002 ms  20.3 m from home, 22.8 m up, mode RTH
sim: 105811 ms  roll    0.1 deg  pitch  -26.4 deg  motors 0.55 0.55 0.55 0.55
sim: 106002 ms  16.5 m from home, 22.8 m up, mode RTH
sim: 106811 ms  roll    0.3 deg  pitch  -26.4 deg  motors 0.31 0.31 0.31 0.31
sim: 107002 ms  12.8 m from home, 22.1 m up, mode RTH
sim: 107811 ms  roll    0.4 deg  pitch  -23.2 deg  motors 0.44 0.43 0.44 0.43
sim: 107930 ms  started coming down 9.4 m from home, 19.3 m up
sim: 108002 ms  9.1 m from home, 19.1 m up, mode RTH
sim: 108811 ms  roll    0.2 deg  pitch  -16.2 deg  motors 0.49 0.49 0.49 0.49
sim: 109002 ms  6.2 m from home, 15.7 m up, mode RTH
sim: 109811 ms  roll   -0.1 deg  pitch  -16.5 deg  motors 0.48 0.48 0.48 0.48
sim: 110002 ms  4.2 m from home, 12.6 m up, mode RTH
sim: 110811 ms  roll   -0.4 deg  pitch  -15.0 deg  motors 0.48 0.49 0.48 0.48
alive: 110811 ms, 109883 loops
sim: 111002 ms  2.7 m from home, 9.6 m up, mode RTH
sim: 111811 ms  roll   -1.2 deg  pitch  -22.1 deg  motors 0.54 0.52 0.54 0.52
sim: 112002 ms  1.7 m from home, 6.8 m up, mode RTH
sim: 112811 ms  roll   -1.4 deg  pitch  -17.2 deg  motors 0.57 0.56 0.57 0.56
sim: 113002 ms  0.7 m from home, 5.0 m up, mode RTH
sim: 113811 ms  roll   -0.7 deg  pitch   -8.3 deg  motors 0.54 0.57 0.55 0.56
sim: 114002 ms  0.1 m from home, 4.0 m up, mode RTH
sim: 114811 ms  roll  -14.3 deg  pitch   -5.6 deg  motors 0.45 0.64 0.62 0.47
sim: 114816 ms  first down at the hover height: 1 m out, 3.5 m up
sim: 115002 ms  0.7 m from home, 3.4 m up, mode RTH
sim: 115811 ms  roll   -2.3 deg  pitch   10.6 deg  motors 0.45 0.63 0.64 0.46
sim: 116002 ms  0.9 m from home, 3.0 m up, mode RTH
sim: 116811 ms  roll   13.0 deg  pitch    2.9 deg  motors 0.52 0.58 0.60 0.51
sim: 117002 ms  0.7 m from home, 2.7 m up, mode RTH
sim: 117811 ms  roll   14.0 deg  pitch   -6.7 deg  motors 0.53 0.57 0.57 0.53
sim: 118002 ms  0.4 m from home, 2.4 m up, mode RTH
sim: 118811 ms  roll    1.2 deg  pitch  -14.7 deg  motors 0.51 0.55 0.54 0.49
sim: 119002 ms  0.5 m from home, 2.0 m up, mode RTH
sim: 119811 ms  roll   -5.2 deg  pitch  -20.1 deg  motors 0.52 0.53 0.53 0.52
sim: 120002 ms  0.4 m from home, 1.3 m up, mode RTH
sim: 120811 ms  roll  -10.0 deg  pitch  -11.3 deg  motors 0.54 0.58 0.57 0.54
alive: 120811 ms, 119872 loops
sim: 121002 ms  0.2 m from home, 0.8 m up, mode RTH
sim: 121811 ms  roll  -13.9 deg  pitch    5.5 deg  motors 0.46 0.66 0.65 0.49
sim: 122002 ms  0.2 m from home, 0.5 m up, mode RTH
sim: 122811 ms  roll    3.8 deg  pitch   14.5 deg  motors 0.44 0.62 0.64 0.45
sim: 123002 ms  0.6 m from home, 0.3 m up, mode RTH
arm:       refused - the receiver has gone quiet (1060 frames)
sim: 123013 ms  motors stopped at 0.3 m above home, 0.6 m from it
sim: 123811 ms  roll    8.8 deg  pitch   11.9 deg  motors 0.00 0.00 0.00 0.00
sim: 124002 ms  0.7 m from home, 0.0 m up, mode DISARM
sim: 124811 ms  roll    8.8 deg  pitch   11.9 deg  motors 0.00 0.00 0.00 0.00
sim: 124817 ms  receiver back - has the pilot got it?
arm:       refused - the throttle is at 55 per cent, and arming wants 5
sim: 125811 ms  roll    8.8 deg  pitch   11.9 deg  motors 0.00 0.00 0.00 0.00
status
state:     disarmed
uptime:    125818 ms
loops:     124874
attitude:  roll 156 mrad, pitch 207 mrad, yaw 8623 mrad
attitude:  converged
motors:    0 0 0 0 per-mille
servos:    0 0 per-mille
arm:       refused - the throttle is at 55 per cent, and arming wants 5
params:    1 changed since the last save
fault:     none recorded
ak> sim: 126811 ms  roll    8.8 deg  pitch   11.9 deg  motors 0.00 0.00 0.00 0.00
sim: 127811 ms  roll    8.8 deg  pitch   11.9 deg  motors 0.00 0.00 0.00 0.00
sim: 128811 ms  roll    8.8 deg  pitch   11.9 deg  motors 0.00 0.00 0.00 0.00
log flash
# aerialkit blackbox (flash), 437 records in 4 sectors
# oldest first; this one outlives the battery
# units: gyro 0.1 dps, accel 0.001 g, attitude 0.1 deg, alt mm above the take-off reference, sticks per-mille, torque percent, motor 0..254
time_ms,gyro_x,gyro_y,gyro_z,accel_x,accel_y,accel_z,roll,pitch,yaw,alt_mm,stick_roll,stick_pitch,stick_yaw,stick_throttle,torque_roll,torque_pitch,torque_yaw,28240,24,-254,771,-12,478,877,290,6,-1518,22766,0,-300,0,579,0,-1,8,122,161,167,117,3,7,521234555,49896763
28440,-39,-298,782,99,471,876,284,-57,-1336,22799,0,-300,0,579,0,-1,8,115,152,158,106,3,7,521234539,49896656
28640,-110,-282,791,211,441,876,265,-122,-1165,22765,0,-300,0,579,0,-1,8,123,162,166,115,3,7,521234522,49896547
28840,-192,-243,798,309,387,876,233,-179,-1003,22798,0,-300,0,579,0,0,8,115,156,156,105,3,7,521234505,49896436
29041,-263,-182,806,385,308,877,186,-226,-849,22765,0,-300,0,579,-1,0,9,123,165,163,113,3,7,521234488,49896323
29241,-312,-111,801,437,208,878,129,-258,-705,22798,0,-300,0,579,-1,0,8,115,158,153,106,3,7,521234472,49896207
29441,-332,-32,706,463,96,881,65,-275,-572,22764,0,-300,0,579,-1,0,7,122,160,154,114,3,7,521234458,49896090
29641,-297,40,601,466,-9,884,1,-277,-465,22797,0,-300,0,579,-1,0,6,119,154,146,114,3,7,521234447,49895972
29841,-232,82,498,450,-98,888,-52,-267,-384,22797,0,-300,0,579,0,0,5,124,154,147,121,3,7,521234437,49895853
30042,-172,100,393,425,-163,892,-94,-251,-328,22763,0,-300,0,579,0,0,4,131,156,149,130,3,7,521234430,49895736
30242,-124,102,285,398,-208,896,-123,-234,-294,22796,0,-300,0,579,0,0,3,129,147,142,129,3,7,521234426,49895618
30442,-92,93,174,373,-238,900,-143,-218,-283,22763,0,-300,0,579,0,0,1,137,148,144,137,3,7,521234423,49895500
30642,-60,60,71,353,-256,903,-156,-206,-292,22796,0,-300,0,579,0,0,0,131,136,134,132,3,7,521234423,49895384
30842,-36,34,-21,344,-265,904,-161,-200,-320,22796,0,-300,0,579,0,0,0,137,136,135,138,3,7,521234425,49895269
31043,-7,0,-100,342,-266,905,-162,-199,-363,22763,0,-300,0,579,0,0,-1,145,139,138,144,3,7,521234428,49895156
31243,18,-25,-165,351,-257,904,-157,-204,-417,22796,0,-300,0,579,0,0,-1,141,131,132,141,3,7,521234433,49895043
31443,49,-46,-218,365,-239,903,-147,-213,-480,22762,0,-300,0,579,0,0,-2,147,133,137,148,3,7,521234438,49894932
31643,69,-50,-261,383,-213,901,-132,-224,-547,22795,0,-300,0,579,0,0,-2,141,124,127,141,3,7,521234445,49894821
31844,89,-49,-296,401,-180,900,-113,-236,-619,22795,0,-300,0,579,0,0,-3,145,126,130,146,3,7,521234452,49894710
32044,101,-43,-322,417,-142,898,-91,-246,-692,22762,0,-300,0,579,0,0,-3,150,130,134,152,3,7,521234459,49894601
32244,121,-36,-335,431,-100,897,-66,-254,-764,22795,0,-300,0,579,0,0,-3,142,122,125,143,3,7,521234466,49894491
32444,122,-21,-339,440,-54,895,-38,-260,-835,22794,0,-300,0,579,0,0,-3,145,126,128,147,3,7,521234474,49894382
32644,126,-6,-330,444,-9,895,-10,-263,-901,22761,0,-300,0,579,0,0,-3,150,130,134,152,3,7,521234481,49894272
32845,118,7,-311,444,34,894,16,-263,-961,22794,0,-300,0,579,0,0,-3,140,123,125,143,3,7,521234488,49894164
33045,114,21,-281,440,75,895,42,-261,-1013,22794,0,-300,0,579,0,0,-3,143,127,130,146,3,7,521234494,49894054
33245,106,30,-241,432,111,895,65,-256,-1056,22761,0,-300,0,579,0,0,-2,147,134,135,150,3,7,521234499,49893945
33445,89,34,-196,422,144,896,86,-250,-1089,22794,0,-300,0,579,0,0,-2,137,127,128,140,3,7,521234503,49893835
33645,69,31,-150,413,168,896,102,-243,-1112,22793,0,-300,0,579,0,0,-1,140,132,133,142,3,7,521234507,49893725
33846,56,28,-102,404,187,897,114,-238,-1124,22794,0,-300,0,579,0,0,-1,136,130,131,137,3,7,521234509,49893616
34046,37,18,-56,398,200,897,123,-234,-1127,22793,0,-300,0,579,0,0,0,137,135,135,139,3,7,521234511,49893507
34246,23,10,-12,395,207,898,128,-232,-1122,22760,0,-300,0,579,0,0,0,141,141,141,142,3,7,521234512,49893397
34446,11,2,26,394,209,897,130,-231,-1108,22793,0,-300,0,579,0,0,0,132,134,134,133,3,7,521234511,49893287
34647,-7,-6,59,395,208,897,129,-232,-1089,22793,0,-300,0,579,0,0,0,135,138,139,135,3,7,521234511,49893178
34847,-20,-12,87,400,200,897,125,-235,-1065,22760,0,-300,0,579,0,0,1,139,144,144,138,3,7,521234509,49893068
35047,-31,-17,110,406,188,896,119,-239,-1037,22793,0,-300,0,579,0,0,1,134,140,139,133,3,7,521234508,49892959
35247,-35,-18,129,413,174,896,110,-243,-1007,22760,0,-300,0,579,0,0,1,139,146,144,136,3,7,521234505,49892848
35447,-47,-19,142,419,158,895,101,-247,-976,22793,0,-300,0,579,0,0,1,130,137,137,128,3,7,521234503,49892738
35648,-51,-18,149,426,139,895,89,-251,-944,22792,0,-300,0,579,0,0,1,133,141,141,132,3,7,521234501,49892629
35848,-54,-16,151,432,120,894,78,-255,-914,22759,0,-300,0,579,0,0,1,138,146,145,136,3,7,521234498,49892518
36048,-60,-12,146,437,100,894,65,-258,-885,22792,0,-300,0,579,0,0,1,130,138,136,128,3,7,521234496,49892408
36248,-53,-9,139,441,79,894,53,-261,-859,22792,0,-300,0,579,0,0,1,134,141,140,132,3,7,521234493,49892297
36448,-49,-6,128,444,61,894,42,-263,-836,22759,0,-300,0,579,0,0,1,138,146,145,138,3,7,521234491,49892186
36649,-50,-2,111,445,44,894,31,-264,-817,22792,0,-300,0,579,0,0,1,131,136,136,129,3,7,521234490,49892076
36849,-45,0,92,446,29,894,21,-265,-802,22792,0,-300,0,579,0,0,1,135,140,139,133,3,7,521234488,49891965
37049,-35,0,73,446,16,894,13,-265,-791,22759,0,-300,0,579,0,0,0,140,144,143,140,3,7,521234488,49891855
37249,-27,1,53,446,6,894,6,-265,-785,22792,0,-300,0,579,0,0,0,135,138,138,135,3,7,521234487,49891744
37449,-23,1,31,445,0,894,1,-264,-783,22791,0,-300,0,579,0,0,0,136,138,137,136,3,7,521234487,49891633
37650,-16,1,11,445,-4,895,-1,-264,-785,22758,0,-300,0,579,0,0,0,141,142,142,141,3,7,521234487,49891523
37850,-4,0,-4,444,-6,895,-3,-264,-790,22791,0,-300,0,579,0,0,0,137,137,136,137,3,7,521234488,49891413
38050,1,0,-20,444,-5,895,-3,-264,-798,22791,0,-300,0,579,0,0,0,137,136,136,137,3,7,521234489,49891302
38250,7,0,-32,445,-2,895,-1,-264,-809,22758,0,-300,0,579,0,0,0,142,140,141,143,3,7,521234490,49891192
38451,8,0,-45,445,1,895,1,-264,-821,22791,0,-300,0,579,0,0,0,134,132,131,134,3,7,521234492,49891082
38651,14,0,-54,444,7,895,4,-264,-834,22791,0,-300,0,579,0,0,0,138,135,135,138,3,7,521234494,49890972
38851,17,0,-59,444,14,895,8,-264,-848,22758,0,-300,0,579,0,0,0,143,140,140,144,3,7,521234495,49890862
39051,24,0,-61,444,21,895,13,-264,-862,22791,0,-300,0,579,0,0,0,138,135,135,139,3,7,521234497,49890752
39251,17,0,-62,443,30,895,18,-263,-876,22790,0,-300,0,579,0,0,0,138,135,135,139,3,7,521234499,49890643
39452,25,1,-58,443,38,895,23,-263,-888,22791,0,-300,0,579,0,0,0,139,135,136,140,3,7,521234501,49890533
39652,21,1,-54,442,46,895,28,-263,-899,22790,0,-300,0,579,0,0,0,138,135,135,138,3,7,521234502,49890423
39852,17,1,-49,442,54,895,33,-262,-909,22790,0,-300,0,579,0,0,0,138,135,136,138,3,7,521234504,49890314
40052,18,1,-40,441,60,895,37,-262,-917,22757,0,-300,0,579,0,0,0,142,140,141,143,3,7,521234505,49890204
40252,14,2,-32,440,65,895,41,-261,-923,22790,0,-300,0,579,0,0,0,134,132,132,134,3,7,521234506,49890094
40453,12,1,-23,439,70,895,43,-261,-927,22790,0,-300,0,579,0,0,0,138,136,136,137,3,7,521234507,49889985
40653,9,1,-15,439,74,895,46,-260,-929,22757,0,-300,0,579,0,0,0,142,141,141,142,3,7,521234508,49889875
40853,0,0,-7,439,75,895,47,-260,-929,22790,0,-300,0,579,0,0,0,133,133,133,133,3,7,521234509,49889765
41053,6,0,1,439,76,895,48,-260,-928,22790,0,-300,0,579,0,0,0,137,137,137,137,3,7,521234509,49889655
41254,-4,0,8,439,76,895,48,-260,-926,22790,0,-300,0,579,0,0,0,141,142,142,141,3,7,521234510,49889545
41454,-1,0,15,439,74,895,47,-260,-922,22790,0,-300,0,579,0,0,0,136,137,137,136,3,7,521234510,49889436
41654,-6,0,21,440,72,895,46,-261,-917,22789,0,-300,0,579,0,0,0,136,137,137,136,3,7,521234510,49889326
41854,-7,-1,25,440,69,895,44,-261,-912,22756,0,-300,0,579,0,0,0,141,142,142,140,3,7,521234510,49889216
42054,-199,1210,0,375,54,925,36,-220,-907,22789,0,-300,0,579,0,5,0,122,149,117,144,3,3,521234510,49889106
42255,-61,406,0,116,11,992,9,-66,-907,22789,0,-300,0,579,0,1,0,134,140,133,139,3,3,521234510,49889000
42455,-15,124,0,33,0,999,2,-18,-907,22756,0,-300,0,579,0,0,0,141,142,140,143,3,3,521234509,49888908
42655,-2,37,0,8,-2,999,0,-4,-907,22789,0,-300,0,579,0,0,0,133,133,133,133,3,3,521234509,49888836
42855,0,10,0,0,-2,999,0,0,-907,22789,0,-300,0,579,0,0,0,136,137,137,137,3,3,521234508,49888784
43055,1,3,0,-1,-1,999,0,1,-907,22756,0,-300,0,579,0,0,0,142,142,141,141,3,3,521234508,49888751
43256,1,0,0,-1,-1,999,0,1,-907,22789,0,-300,0,579,0,0,0,133,133,133,133,3,3,521234507,49888735
43456,1,0,0,-1,0,999,0,1,-907,22789,0,-300,0,579,0,0,0,137,137,136,136,3,3,521234506,49888735
43656,0,0,0,-1,0,999,0,1,-907,22755,0,-300,0,579,0,0,0,141,142,141,141,3,3,521234506,49888749
43856,0,0,0,-1,0,999,0,1,-908,22788,0,-300,0,579,0,0,0,134,133,134,133,3,3,521234505,49888775
44057,0,0,0,-1,0,999,0,0,-908,22788,0,-300,0,579,0,0,0,137,137,137,136,3,3,521234505,49888813
44257,0,0,0,0,0,999,0,0,-908,22788,0,-300,0,579,0,0,0,137,137,137,136,3,3,521234504,49888861
44457,0,0,0,0,0,999,0,0,-908,22754,0,-300,0,579,0,0,0,142,141,141,141,3,3,521234504,49888919
44657,0,0,0,0,0,999,0,0,-908,22788,0,-300,0,579,0,0,0,134,133,133,133,3,3,521234504,49888985
44857,0,0,0,0,0,999,0,0,-908,22787,0,-300,0,579,0,0,0,137,137,137,137,3,3,521234503,49889059
45058,0,0,0,0,0,999,0,0,-908,22787,0,-300,0,579,0,0,0,137,137,137,137,3,3,521234503,49889139
45258,0,0,0,0,0,999,0,0,-908,22754,0,-300,0,579,0,0,0,141,141,141,141,3,3,521234503,49889226
45458,0,0,0,0,0,999,0,0,-908,22787,0,-300,0,579,0,0,0,133,133,133,134,3,3,521234502,49889319
45658,0,0,0,0,0,999,0,0,-908,22787,0,-300,0,579,0,0,0,137,137,137,137,3,3,521234502,49889417
45858,0,0,0,0,0,999,0,0,-908,22786,0,-300,0,579,0,0,0,137,137,137,137,3,3,521234502,49889520
46059,0,0,0,0,0,999,0,0,-908,22786,0,-300,0,579,0,0,0,138,137,137,137,3,3,521234502,49889626
46259,0,0,0,0,0,999,0,0,-908,22786,0,-300,0,579,0,0,0,137,137,137,137,3,3,521234501,49889736
46459,0,0,0,0,0,999,0,0,-908,22786,0,-300,0,579,0,0,0,137,137,137,137,3,3,521234501,49889850
46659,0,0,0,0,0,999,0,0,-908,22786,0,-300,0,579,0,0,0,137,138,137,138,3,3,521234501,49889968
46859,0,0,0,0,0,999,0,0,-908,22786,0,-300,0,579,0,0,0,137,137,136,137,3,3,521234501,49890087
47060,0,0,0,0,0,999,0,0,-908,22786,0,-300,0,579,0,0,0,137,137,137,137,3,3,521234501,49890209
47260,0,0,0,0,0,999,0,0,-908,22786,0,-300,0,579,0,0,0,137,137,137,137,3,3,521234500,49890334
47460,0,0,0,0,0,999,0,0,-908,22785,0,-300,0,579,0,0,0,138,138,138,138,3,3,521234500,49890461
47660,0,0,0,0,0,999,0,0,-908,22785,0,-300,0,579,0,0,0,137,137,137,137,3,3,521234500,49890590
47861,0,0,0,0,0,999,0,0,-908,22785,0,-300,0,579,0,0,0,137,136,137,137,3,3,521234500,49890719
48061,0,0,0,0,0,999,0,0,-908,22785,0,-300,0,579,0,0,0,137,137,137,137,3,3,521234500,49890851
48261,0,0,0,0,0,999,0,0,-908,22752,0,-300,0,579,0,0,0,142,142,142,142,3,3,521234500,49890985
48461,0,0,0,0,0,999,0,0,-908,22785,0,-300,0,579,0,0,0,133,133,133,133,3,3,521234499,49891119
48661,0,0,0,0,0,999,0,0,-908,22785,0,-300,0,579,0,0,0,137,137,137,137,3,3,521234499,49891255
48862,0,0,0,0,0,999,0,0,-908,22785,0,-300,0,579,0,0,0,137,137,137,137,3,3,521234499,49891391
49062,0,0,0,0,0,999,0,0,-908,22752,0,-300,0,579,0,0,0,142,142,142,142,3,3,521234499,49891529
49262,0,0,0,0,0,999,0,0,-908,22785,0,-300,0,579,0,0,0,133,133,133,133,3,3,521234499,49891667
49462,0,0,0,0,0,999,0,0,-908,22785,0,-300,0,579,0,0,0,137,137,137,137,3,3,521234499,49891807
49662,0,0,0,0,0,999,0,0,-908,22785,0,-300,0,579,0,0,0,137,137,137,137,3,3,521234499,49891947
49863,0,0,0,0,0,999,0,0,-908,22785,0,-300,0,579,0,0,0,138,138,137,138,3,3,521234499,49892086
50063,0,0,0,0,0,999,0,0,-908,22785,0,-300,0,579,0,0,0,137,137,137,137,3,3,521234499,49892228
50263,0,0,0,0,0,999,0,0,-908,22785,0,-300,0,579,0,0,0,137,137,137,137,3,3,521234499,49892369
50463,0,0,0,0,0,999,0,0,-908,22752,0,-300,0,579,0,0,0,141,141,141,141,3,3,521234498,49892511
50664,0,0,0,0,0,999,0,0,-908,22785,0,-300,0,579,0,0,0,133,133,133,133,3,3,521234498,49892654
50864,0,0,0,0,0,999,0,0,-908,22785,0,-300,0,579,0,0,0,137,137,137,137,3,3,521234498,49892796
51065,0,0,0,0,0,999,0,0,-908,22784,0,-300,0,579,0,0,0,137,137,137,137,3,3,521234498,49892939
51265,0,0,0,0,0,999,0,0,-908,22784,0,-300,0,579,0,0,0,137,137,137,137,3,3,521234498,49893082
51465,0,0,0,0,0,999,0,0,-908,22785,0,-300,0,579,0,0,0,137,137,137,137,3,3,521234498,49893226
51665,0,0,0,0,0,999,0,0,-908,22784,0,-300,0,579,0,0,0,137,137,137,137,3,3,521234498,49893370
51865,0,0,0,0,0,999,0,0,-908,22784,0,-300,0,579,0,0,0,137,137,137,137,3,3,521234498,49893515
52066,0,0,0,0,0,999,0,0,-908,22751,0,-300,0,579,0,0,0,141,141,141,141,3,3,521234498,49893659
52266,0,0,0,0,0,1000,0,0,-908,22784,0,-300,0,579,0,0,0,133,133,133,133,3,3,521234498,49893803
52466,0,0,0,0,0,1000,0,0,-908,22784,0,-300,0,579,0,0,0,137,137,137,137,3,3,521234498,49893948
52666,0,0,0,0,0,1000,0,0,-908,22784,0,-300,0,579,0,0,0,137,137,137,137,3,3,521234498,49894093
52866,0,0,0,0,0,1000,0,0,-908,22750,0,-300,0,579,0,0,0,142,141,141,142,3,3,521234498,49894238
53067,0,0,0,0,0,1000,0,0,-908,22783,0,-300,0,579,0,0,0,133,133,133,133,3,3,521234498,49894383
53267,0,0,0,0,0,1000,0,0,-908,22783,0,-300,0,579,0,0,0,137,137,137,137,3,3,521234498,49894528
53467,0,0,0,0,0,1000,0,0,-908,22783,0,-300,0,579,0,0,0,137,137,137,137,3,3,521234498,49894674
53667,0,0,0,0,0,1000,0,0,-908,22783,0,-300,0,579,0,0,0,137,137,137,137,3,3,521234498,49894819
53868,0,0,0,0,0,1000,0,0,-908,22783,0,-300,0,579,0,0,0,137,137,137,137,3,3,521234498,49894965
54068,0,0,0,0,0,999,0,0,-908,22783,0,-300,0,579,0,0,0,134,134,134,134,3,3,521234498,49895110
54268,0,0,0,0,0,999,0,0,-908,22783,0,-300,0,579,0,0,0,137,137,137,137,3,3,521234498,49895256
54468,0,0,0,0,0,999,0,0,-908,22782,0,-300,0,579,0,0,0,137,137,137,137,3,3,521234498,49895402
54668,0,0,0,0,0,999,0,0,-908,22782,0,-300,0,579,0,0,0,137,137,137,137,3,3,521234498,49895548
54869,0,0,0,0,0,999,0,0,-908,22749,0,-300,0,579,0,0,0,142,142,142,142,3,3,521234498,49895693
55069,0,0,0,0,0,999,0,0,-908,22783,0,-300,0,579,0,0,0,137,137,137,137,3,3,521234498,49895839
55269,0,0,0,0,0,999,0,0,-908,22782,0,-300,0,579,0,0,0,137,137,137,137,3,3,521234498,49895985
55469,0,0,0,0,0,999,0,0,-908,22782,0,-300,0,579,0,0,0,137,137,137,137,3,3,521234498,49896131
55669,0,0,0,0,0,1000,0,0,-908,22783,0,-300,0,579,0,0,0,138,138,138,138,3,3,521234498,49896277
55870,0,0,0,0,0,1000,0,0,-908,22782,0,-300,0,579,0,0,0,137,137,137,137,3,3,521234498,49896423
56070,0,0,0,0,0,1000,0,0,-908,22782,0,-300,0,579,0,0,0,137,137,137,137,3,3,521234498,49896569
56270,0,0,0,0,0,1000,0,0,-908,22782,0,-300,0,579,0,0,0,137,137,137,137,3,3,521234498,49896715
56470,0,0,0,0,0,1000,0,0,-908,22782,0,-300,0,579,0,0,0,137,137,137,137,3,3,521234498,49896861
56671,0,0,0,0,0,1000,0,0,-908,22749,0,-300,0,579,0,0,0,142,142,142,142,3,3,521234498,49897007
56871,0,0,0,0,0,999,0,0,-908,22782,0,-300,0,579,0,0,0,137,137,137,137,3,3,521234498,49897153
57071,0,0,0,0,0,999,0,0,-908,22782,0,-300,0,579,0,0,0,137,137,137,137,3,3,521234498,49897299
57271,0,0,0,0,0,999,0,0,-908,22782,0,-300,0,579,0,0,0,137,137,137,137,3,3,521234498,49897446
57471,0,0,0,0,0,999,0,0,-908,22749,0,-300,0,579,0,0,0,141,141,141,141,3,3,521234498,49897592
57672,0,0,0,0,0,999,0,0,-908,22782,0,-300,0,579,0,0,0,134,134,134,134,3,3,521234499,49897738
57872,0,0,0,0,0,999,0,0,-908,22782,0,-300,0,579,0,0,0,137,137,137,137,3,3,521234499,49897884
58072,0,0,0,0,0,999,0,0,-908,22782,0,-300,0,579,0,0,0,137,137,137,137,3,3,521234499,49898031
58272,0,0,0,0,0,999,0,0,-908,22782,0,-300,0,579,0,0,0,137,137,137,137,3,3,521234499,49898177
58472,0,0,0,0,0,999,0,0,-908,22749,0,-300,0,579,0,0,0,142,142,142,142,3,3,521234499,49898324
58673,0,0,0,0,0,999,0,0,-908,22782,0,-300,0,579,0,0,0,133,133,133,133,3,3,521234499,49898470
58873,0,0,0,0,0,999,0,0,-908,22782,0,-300,0,579,0,0,0,137,137,137,137,3,3,521234499,49898616
59073,0,0,0,0,0,999,0,0,-908,22782,0,-300,0,579,0,0,0,137,137,137,137,3,3,521234499,49898762
59273,0,0,0,0,0,999,0,0,-908,22781,0,-300,0,579,0,0,0,137,137,137,137,3,3,521234499,49898909
59474,0,0,0,0,0,999,0,0,-908,22781,0,-300,0,579,0,0,0,138,138,138,138,3,3,521234499,49899055
59674,0,0,0,0,0,999,0,0,-908,22781,0,-300,0,579,0,0,0,137,137,137,137,3,3,521234499,49899201
59874,0,0,0,0,0,1000,0,0,-908,22781,0,-300,0,579,0,0,0,137,137,137,137,3,3,521234499,49899348
60074,0,0,0,0,0,999,0,0,-908,22781,0,-300,0,579,0,0,0,137,137,137,137,3,3,521234499,49899494
60274,0,0,0,0,0,999,0,0,-908,22748,0,-300,0,579,0,0,0,141,141,141,141,3,3,521234500,49899640
60475,0,0,0,0,0,999,0,0,-908,22781,0,-300,0,579,0,0,0,133,133,133,133,3,3,521234500,49899786
60675,0,0,0,0,0,999,0,0,-908,22781,0,-300,0,579,0,0,0,137,137,137,137,3,3,521234500,49899933
60875,0,0,0,0,0,999,0,0,-908,22781,0,-300,0,579,0,0,0,137,137,137,137,3,3,521234500,49900079
61075,0,0,0,0,0,999,0,0,-908,22780,0,-300,0,579,0,0,0,137,137,137,137,3,3,521234500,49900226
61275,0,0,0,0,0,999,0,0,-908,22748,0,-300,0,579,0,0,0,142,142,142,142,3,3,521234500,49900372
61476,0,0,0,0,0,999,0,0,-908,22781,0,-300,0,579,0,0,0,137,137,137,137,3,3,521234500,49900518
61676,0,0,0,0,0,999,0,0,-908,22781,0,-300,0,579,0,0,0,137,137,137,137,3,3,521234500,49900664
61876,0,0,0,0,0,999,0,0,-908,22781,0,-300,0,579,0,0,0,137,137,137,137,3,3,521234500,49900811
62076,362,-1240,-746,125,28,991,16,-72,-988,22780,0,-300,0,579,2,-4,-8,164,100,132,153,3,7,521234501,49900957
62276,505,-157,-759,338,190,923,110,-198,-1244,22781,0,-300,0,579,2,0,-8,153,110,122,165,3,7,521234501,49901100
62477,381,295,-770,303,343,894,204,-176,-1486,22781,0,-300,0,579,1,1,-8,150,115,114,167,3,7,521234501,49901225
62677,189,451,-779,168,436,886,263,-96,-1715,22781,0,-300,0,579,0,2,-8,152,119,111,166,3,7,521234502,49901329
62877,27,404,-788,5,468,883,282,-3,1686,22747,0,-300,0,579,0,1,-8,159,124,114,169,3,7,521234505,49901412
63077,-41,278,-796,-120,461,880,277,69,1527,22780,0,-300,0,579,0,1,-8,154,115,106,158,3,7,521234511,49901476
63278,-99,250,-803,-219,434,878,260,126,1367,22780,0,-300,0,579,0,1,-9,158,119,109,161,3,7,521234520,49901522
63478,-176,246,-810,-308,385,877,231,179,1205,22780,0,-300,0,579,0,1,-9,159,119,108,161,3,7,521234532,49901552
63678,-604,313,-816,-398,272,881,165,234,1043,22780,0,-300,0,579,-2,1,-9,164,123,104,156,3,7,521234544,49901567
63878,-444,111,-821,-463,94,881,62,275,879,22780,0,-300,0,579,-2,0,-9,165,119,108,156,3,7,521234557,49901567
64078,37,118,-826,-487,-5,872,2,291,714,22780,0,-300,0,579,0,0,-9,161,116,112,161,3,7,521234570,49901556
64279,-243,22,-831,-507,-54,859,-28,304,547,22780,0,-300,0,579,-1,0,-9,164,116,110,157,3,7,521234586,49901534
64479,-375,-142,-835,-490,-166,858,-96,293,381,22780,0,-300,0,579,-1,0,-9,167,116,111,154,3,7,521234601,49901501
64679,-360,-303,-838,-424,-291,865,-175,250,213,22780,0,-300,0,579,-1,-1,-9,168,113,113,154,3,7,521234613,49901456
64879,-260,-417,-720,-310,-394,873,-240,179,53,22780,0,-300,0,579,0,-1,-8,165,114,119,150,3,7,521234621,49901402
65079,-128,-407,-453,-171,-455,876,-278,97,-74,22780,0,-300,0,579,0,-1,-5,155,121,127,144,3,7,521234626,49901339
65280,-43,-291,-371,-53,-480,875,-292,29,-160,22780,0,-300,0,579,0,-1,-4,151,124,129,144,3,7,521234630,49901270
65480,-12,-199,-413,30,-487,872,-295,-18,-237,22780,0,-300,0,579,0,0,-4,151,123,127,146,3,7,521234633,49901195
65680,6,-171,-481,97,-487,868,-294,-56,-324,22780,0,-300,0,579,0,0,-5,152,121,125,149,3,7,521234638,49901114
65880,48,-206,-514,164,-477,866,-288,-94,-432,22780,0,-300,0,579,0,-1,-5,153,119,126,150,3,7,521234645,49901028
66081,118,-243,-505,246,-449,865,-270,-142,-557,22747,0,-300,0,579,0,-1,-5,157,123,132,155,3,7,521234651,49900937
66281,175,-226,-492,326,-400,865,-241,-190,-671,22780,0,-300,0,579,0,0,-5,151,118,128,151,3,7,521234658,49900841
66481,202,-158,-488,391,-336,865,-205,-229,-777,22780,0,-300,0,579,0,0,-5,150,119,127,151,3,7,521234665,49900739
66681,201,-59,-488,431,-267,869,-166,-254,-875,22780,0,-300,0,579,0,0,-5,149,120,126,152,3,7,521234673,49900633
66881,191,-21,-474,448,-197,875,-126,-265,-966,22780,0,-300,0,579,0,0,-5,148,121,126,152,3,7,521234680,49900523
67082,187,-4,-439,456,-130,881,-87,-270,-1048,22780,0,-300,0,579,0,0,-4,147,122,127,151,3,7,521234687,49900411
67282,165,4,-391,458,-69,886,-49,-271,-1117,22746,0,-300,0,579,0,0,-4,151,129,132,154,3,7,521234694,49900297
67482,140,12,-336,456,-16,889,-17,-271,-1172,22779,0,-300,0,579,0,0,-3,141,123,125,144,3,7,521234699,49900181
67682,122,23,-273,451,27,891,11,-268,-1213,22779,0,-300,0,579,0,0,-3,143,128,130,146,3,7,521234703,49900066
67882,92,24,-208,444,63,893,34,-264,-1240,22779,0,-300,0,579,0,0,-2,141,130,132,144,3,7,521234706,49899951
68083,68,24,-143,437,89,895,51,-259,-1254,22779,0,-300,0,579,0,0,-1,140,132,133,142,3,7,521234708,49899837
68283,47,21,-78,431,107,896,63,-255,-1254,22779,0,-300,0,579,0,0,0,139,134,135,140,3,7,521234708,49899722
68483,23,12,-18,426,116,897,70,-252,-1243,22779,0,-300,0,579,0,0,0,138,137,136,137,3,7,521234707,49899608
68683,-2,0,34,425,118,898,72,-251,-1222,22779,0,-300,0,579,0,0,0,141,142,142,140,3,7,521234705,49899495
68884,-16,-5,81,426,111,898,69,-252,-1192,22779,0,-300,0,579,0,0,0,135,140,139,134,3,7,521234702,49899382
69084,-33,-10,121,429,100,897,63,-254,-1157,22779,0,-300,0,579,0,0,1,134,141,140,133,3,7,521234699,49899271
69284,-43,-10,154,433,84,897,54,-256,-1116,22779,0,-300,0,579,0,0,1,133,142,141,131,3,7,521234695,49899159
69484,-57,-12,178,437,64,896,42,-259,-1073,22779,0,-300,0,579,0,0,2,133,143,141,131,3,7,521234690,49899048
69684,-73,-11,190,440,39,896,27,-261,-1029,22779,0,-300,0,579,0,0,2,132,143,142,131,3,7,521234685,49898938
69885,-72,-5,197,443,12,895,11,-263,-985,22746,0,-300,0,579,0,0,2,137,148,146,135,3,7,521234681,49898828
70085,-72,0,198,444,-13,895,-5,-263,-944,22779,0,-300,0,579,0,0,2,128,140,138,127,3,7,521234676,49898717
70285,-78,5,190,443,-40,895,-22,-263,-906,22779,0,-300,0,579,0,0,2,132,143,141,130,3,7,521234671,49898607
70485,-67,10,179,440,-66,895,-38,-261,-871,22779,0,-300,0,579,0,0,2,133,143,141,131,3,7,521234667,49898497
70685,-64,13,162,437,-89,895,-53,-259,-842,22779,0,-300,0,579,0,0,1,133,142,141,131,3,7,521234663,49898387
70886,-51,14,140,432,-110,895,-66,-256,-817,22779,0,-300,0,579,0,0,1,133,141,141,132,3,7,521234660,49898278
71086,-48,14,115,427,-127,895,-77,-253,-798,22745,0,-300,0,579,0,0,1,139,146,144,138,3,7,521234657,49898168
71286,-43,13,86,423,-142,896,-87,-250,-786,22778,0,-300,0,579,0,0,0,131,136,135,131,3,7,521234655,49898058
71486,-26,9,59,419,-154,896,-95,-247,-779,22778,0,-300,0,579,0,0,0,135,139,138,135,3,7,521234653,49897948
71687,-18,6,33,417,-161,896,-100,-246,-778,22778,0,-300,0,579,0,0,0,136,138,138,136,3,7,521234652,49897838
71887,-10,2,9,416,-165,896,-103,-245,-781,22778,0,-300,0,579,0,0,0,136,137,137,137,3,7,521234651,49897728
72087,1,-1,-12,416,-166,896,-104,-245,-789,22778,0,-300,0,579,0,0,0,137,137,137,137,3,7,521234651,49897618
72287,10,-4,-31,416,-163,895,-102,-246,-800,22778,0,-300,0,579,0,0,0,138,136,136,138,3,7,521234651,49897508
72487,17,-7,-48,419,-158,895,-99,-247,-813,22778,0,-300,0,579,0,0,0,138,135,136,138,3,7,521234651,49897397
72688,16,-7,-65,421,-151,895,-96,-249,-829,22745,0,-300,0,579,0,0,0,143,139,140,143,3,7,521234652,49897287
72888,27,-10,-76,425,-143,895,-91,-251,-846,22778,0,-300,0,579,0,0,0,135,131,132,136,3,7,521234653,49897177
73088,28,-10,-84,428,-132,895,-85,-253,-864,22778,0,-300,0,579,0,0,0,139,134,135,140,3,7,521234654,49897067
73288,30,-10,-89,432,-122,895,-78,-255,-883,22778,0,-300,0,579,0,0,-1,139,134,135,140,3,7,521234656,49896956
73488,30,-8,-90,435,-110,894,-71,-257,-900,22778,0,-300,0,579,0,0,0,139,134,135,140,3,7,521234657,49896845
73689,32,-7,-85,437,-99,894,-64,-259,-917,22778,0,-300,0,579,0,0,0,139,134,134,140,3,7,521234658,49896735
73889,37,-5,-78,439,-86,894,-57,-260,-931,22778,0,-300,0,579,0,0,0,139,134,135,140,3,7,521234659,49896624
74089,29,-4,-70,441,-75,894,-49,-261,-944,22744,0,-300,0,579,0,0,0,143,139,140,144,3,7,521234660,49896514
74289,21,-3,-62,442,-66,894,-44,-262,-954,22778,0,-300,0,579,0,0,0,135,131,131,135,3,7,521234661,49896403
74489,24,-1,-52,443,-58,894,-39,-263,-961,22778,0,-300,0,579,0,0,0,138,135,136,138,3,7,521234661,49896292
74690,21,0,-40,444,-51,894,-34,-263,-966,22777,0,-300,0,579,0,0,0,138,136,136,138,3,7,521234661,49896182
74890,11,0,-30,444,-45,894,-30,-263,-969,22777,0,-300,0,579,0,0,0,138,136,136,137,3,7,521234662,49896071
75090,7,0,-19,444,-42,894,-28,-263,-970,22777,0,-300,0,579,0,0,0,137,136,136,138,3,7,521234661,49895960
75290,6,0,-7,444,-40,894,-26,-263,-968,22777,0,-300,0,579,0,0,0,137,137,137,137,3,7,521234661,49895850
75491,3,0,3,444,-39,895,-25,-263,-965,22778,0,-300,0,579,0,0,0,138,138,137,137,3,7,521234660,49895739
75691,-1,0,12,443,-39,895,-25,-263,-960,22778,0,-300,0,579,0,0,0,137,137,137,137,3,7,521234660,49895629
75891,-7,0,19,443,-41,895,-26,-263,-953,22778,0,-300,0,579,0,0,0,137,138,137,136,3,7,521234659,49895518
76091,-9,0,26,443,-45,895,-28,-263,-946,22778,0,-300,0,579,0,0,0,136,138,137,136,3,7,521234658,49895407
76291,-5,1,32,443,-48,895,-30,-263,-938,22778,0,-300,0,579,0,0,0,136,138,137,136,3,7,521234656,49895297
76492,-11,1,34,442,-51,895,-32,-262,-930,22777,0,-300,0,579,0,0,0,136,138,138,136,3,7,521234655,49895187
76692,-10,1,35,442,-56,895,-35,-262,-922,22777,0,-300,0,579,0,0,0,136,138,138,136,3,7,521234654,49895077
76892,-14,1,33,441,-61,895,-38,-262,-914,22744,0,-300,0,579,0,0,0,141,142,142,141,3,7,521234653,49894967
77092,-14,1,30,440,-65,895,-41,-261,-908,22777,0,-300,0,579,0,0,0,132,134,134,133,3,7,521234652,49894857
77292,-11,1,27,440,-70,895,-44,-261,-902,22777,0,-300,0,579,0,0,0,136,138,137,136,3,7,521234651,49894746
77493,-6,0,25,439,-74,895,-46,-261,-897,22777,0,-300,0,579,0,0,0,136,138,137,136,3,7,521234650,49894637
77693,-7,1,21,439,-77,895,-48,-260,-893,22777,0,-300,0,579,0,0,0,136,138,138,136,3,7,521234649,49894526
77893,-7,1,17,438,-79,895,-50,-260,-890,22777,0,-300,0,579,0,0,0,137,137,137,136,3,7,521234648,49894416
78093,0,0,11,438,-81,895,-51,-260,-888,22777,0,-300,0,579,0,0,0,137,137,137,137,3,7,521234647,49894306
78294,-3,0,5,438,-82,895,-51,-260,-888,22777,0,-300,0,579,0,0,0,137,137,137,137,3,7,521234646,49894196
78494,-1,0,-1,438,-83,895,-52,-260,-888,22777,0,-300,0,579,0,0,0,137,137,137,137,3,7,521234646,49894087
78694,-3,0,-7,438,-83,895,-53,-260,-890,22777,0,-300,0,579,0,0,0,137,137,137,137,3,7,521234646,49893977
78894,8,0,-10,439,-82,895,-52,-260,-892,22777,0,-300,0,579,0,0,0,137,137,137,138,3,7,521234645,49893867
79094,1,0,-12,439,-80,895,-51,-260,-895,22777,0,-300,0,579,0,0,0,137,136,137,138,3,7,521234645,49893756
79295,5,-1,-15,439,-79,895,-50,-260,-898,22777,0,-300,0,579,0,0,0,137,136,137,138,3,7,521234645,49893647
79495,7,0,-15,440,-76,895,-49,-260,-901,22777,0,-300,0,579,0,0,0,137,136,137,138,3,7,521234645,49893536
79695,7,-1,-17,440,-73,895,-47,-261,-905,22777,0,-300,0,579,0,0,0,137,136,137,138,3,7,521234644,49893426
79895,6,0,-18,440,-71,895,-45,-261,-908,22777,0,-300,0,579,0,0,0,137,137,136,138,3,7,521234644,49893316
80095,3,-1,-20,441,-69,895,-44,-261,-911,22744,0,-300,0,579,0,0,0,142,141,141,142,3,7,521234644,49893205
80296,7,0,-18,441,-67,895,-43,-261,-914,22777,0,-300,0,579,0,0,0,134,133,133,134,3,7,521234644,49893096
80496,8,0,-16,441,-64,895,-41,-262,-917,22777,0,-300,0,579,0,0,0,137,136,137,137,3,7,521234644,49892985
80696,2,0,-14,442,-62,895,-40,-262,-919,22777,0,-300,0,579,0,0,0,138,137,136,137,3,7,521234644,49892875
80896,10,0,-10,442,-60,895,-38,-262,-920,22777,0,-300,0,579,0,0,0,137,137,137,137,3,7,521234643,49892765
81097,2,0,-9,442,-58,895,-37,-262,-921,22777,0,-300,0,579,0,0,0,137,137,137,137,3,7,521234643,49892654
81297,3,0,-7,442,-57,895,-36,-262,-922,22777,0,-300,0,579,0,0,0,137,137,137,137,3,7,521234643,49892545
81497,3,0,-5,442,-55,895,-36,-262,-922,22777,0,-300,0,579,0,0,0,137,136,137,137,3,7,521234642,49892434
81697,1,0,-3,442,-55,895,-35,-262,-922,22743,0,-300,0,579,0,0,0,142,142,142,142,3,7,521234642,49892324
81897,1,0,-1,442,-54,895,-35,-262,-921,22777,0,-300,0,579,0,0,0,133,133,133,133,3,7,521234641,49892214
82098,0,0,0,442,-54,895,-34,-262,-920,22777,0,-300,0,579,0,0,0,137,137,137,137,3,7,521234641,49892104
82298,0,0,0,442,-54,895,-34,-262,-919,22777,0,-300,0,579,0,0,0,137,137,137,137,3,7,521234640,49891994
82498,-1,0,1,442,-54,895,-34,-262,-918,22777,0,-300,0,579,0,0,0,137,137,137,137,3,7,521234640,49891884
82698,0,0,2,442,-54,895,-35,-262,-916,22777,0,-300,0,579,0,0,0,137,137,137,137,3,7,521234639,49891774
82898,3,0,4,442,-54,895,-34,-262,-915,22777,0,-300,0,579,0,0,0,137,137,137,137,3,7,521234638,49891664
83099,-4,0,2,442,-54,895,-34,-262,-914,22777,0,-300,0,579,0,0,0,136,137,137,137,3,7,521234638,49891555
83299,0,0,1,442,-55,895,-35,-262,-913,22777,0,-300,0,579,0,0,0,137,137,137,137,3,7,521234637,49891444
83499,-3,0,0,442,-55,895,-35,-262,-912,22777,0,-300,0,579,0,0,0,137,137,137,137,3,7,521234637,49891334
83699,4,0,0,442,-56,895,-35,-262,-911,22777,0,-300,0,579,0,0,0,138,138,138,138,3,7,521234636,49891224
83900,-1,0,0,442,-55,895,-35,-262,-911,22777,0,-300,0,579,0,0,0,137,137,137,137,3,7,521234636,49891114
84100,2,0,0,442,-55,895,-35,-262,-910,22777,0,-300,0,579,0,0,0,137,137,137,137,3,7,521234635,49891005
84300,-2,0,-1,442,-56,895,-35,-262,-910,22777,0,-300,0,579,0,0,0,137,137,137,137,3,7,521234635,49890895
84500,4,0,0,442,-55,895,-35,-262,-910,22777,0,-300,0,579,0,0,0,137,136,137,137,3,7,521234634,49890785
84700,0,0,-1,442,-55,895,-35,-262,-910,22777,0,-300,0,579,0,0,0,137,137,137,137,3,7,521234634,49890675
84901,3,0,-2,442,-54,895,-35,-262,-910,22777,0,-300,0,579,0,0,0,137,137,137,137,3,7,521234633,49890565
85101,-1,0,-3,442,-54,895,-34,-262,-910,22777,0,-300,0,579,0,0,0,137,137,136,137,3,7,521234633,49890455
85301,5,0,-3,442,-53,895,-34,-262,-910,22777,0,-300,0,579,0,0,0,137,137,137,137,3,7,521234632,49890345
85501,0,0,-4,442,-53,895,-33,-262,-910,22777,0,-300,0,579,0,0,0,138,138,137,138,3,7,521234632,49890235
85701,0,0,-4,442,-52,895,-33,-262,-911,22777,0,-300,0,579,0,0,0,137,137,137,137,3,7,521234631,49890125
85902,2,0,-4,442,-52,895,-33,-262,-911,22777,0,-300,0,579,0,0,0,137,136,137,137,3,7,521234631,49890016
86102,3,0,-3,442,-51,895,-32,-262,-912,22777,0,-300,0,579,0,0,0,137,137,136,137,3,7,521234631,49889906
86302,3,0,-3,442,-50,895,-32,-262,-912,22777,0,-300,0,579,0,0,0,137,137,137,137,3,7,521234630,49889796
86502,0,0,-3,442,-49,895,-31,-262,-912,22777,0,-300,0,579,0,0,0,137,137,137,137,3,7,521234630,49889686
86702,1,0,-4,442,-49,895,-31,-262,-912,22777,0,-300,0,579,0,0,0,137,137,137,137,3,7,521234629,49889577
86903,3,0,-4,443,-48,895,-31,-263,-912,22743,0,-300,0,579,0,0,0,142,142,142,142,3,7,521234629,49889467
87103,2,0,-4,443,-47,895,-30,-263,-913,22777,0,-300,0,579,0,0,0,137,137,137,137,3,7,521234628,49889357
87303,0,0,-4,442,-46,895,-30,-263,-913,22777,0,-300,0,579,0,0,0,137,137,137,137,3,7,521234628,49889248
87503,2,0,-4,443,-46,895,-29,-263,-913,22777,0,-300,0,579,0,0,0,137,137,136,137,3,7,521234627,49889138
87704,2,0,-3,443,-45,895,-29,-263,-913,22777,0,-300,0,579,0,0,0,137,137,137,137,3,7,521234627,49889028
87904,-1,0,-4,443,-45,895,-29,-263,-913,22777,0,-300,0,579,0,0,0,137,137,137,137,3,7,521234627,49888919
88104,3,0,-3,443,-44,895,-28,-263,-913,22777,0,-300,0,579,0,0,0,137,137,137,137,3,7,521234626,49888809
88304,-1,0,-2,443,-44,895,-28,-263,-913,22776,0,-300,0,579,0,0,0,137,137,137,137,3,7,521234626,49888699
88504,4,0,-1,443,-43,895,-28,-263,-913,22743,0,-300,0,579,0,0,0,141,142,142,142,3,7,521234625,49888589
88705,-1,0,-1,443,-43,895,-27,-263,-913,22776,0,-300,0,579,0,0,0,133,133,133,134,3,7,521234625,49888480
88905,1,0,0,443,-42,895,-27,-263,-912,22776,0,-300,0,579,0,0,0,137,137,137,137,3,7,521234624,49888370
89105,-1,0,-1,443,-42,895,-27,-263,-912,22776,0,-300,0,579,0,0,0,137,137,137,137,3,7,521234624,49888260
89305,0,0,-1,443,-42,895,-27,-263,-912,22776,0,-300,0,579,0,0,0,137,137,137,137,3,7,521234623,49888150
89505,1,0,0,443,-42,895,-27,-263,-911,22776,0,-300,0,579,0,0,0,137,137,137,137,3,7,521234623,49888040
89706,0,0,0,443,-42,895,-27,-263,-911,22776,0,-300,0,579,0,0,0,137,137,137,137,3,7,521234622,49887931
89906,1,0,0,443,-41,895,-27,-263,-911,22776,0,-300,0,579,0,0,0,137,137,137,137,3,7,521234622,49887821
90106,1,0,0,443,-41,895,-26,-263,-910,22776,0,-300,0,579,0,0,0,137,137,137,137,3,7,521234621,49887711
90306,2,0,0,443,-41,895,-26,-263,-910,22776,0,-300,0,579,0,0,0,137,137,137,137,3,7,521234620,49887602
90507,-1,0,-3,443,-41,895,-26,-263,-910,22776,0,-300,0,579,0,0,0,137,137,137,137,3,7,521234620,49887492
90707,1,0,-3,443,-41,895,-26,-263,-910,22743,0,-300,0,579,0,0,0,142,142,141,142,3,7,521234620,49887382
90907,1,0,-3,443,-40,895,-25,-263,-910,22776,0,-300,0,579,0,0,0,133,133,133,133,3,7,521234619,49887273
91107,1,0,-3,443,-39,895,-25,-263,-911,22776,0,-300,0,579,0,0,0,137,137,137,137,3,7,521234619,49887163
91307,1,0,-3,444,-39,895,-25,-263,-911,22776,0,-300,0,579,0,0,0,137,137,137,137,3,7,521234618,49887054
91508,3,0,-3,443,-38,895,-24,-263,-911,22776,0,-300,0,579,0,0,0,137,137,137,137,3,7,521234618,49886944
91708,1,0,-4,443,-37,895,-24,-263,-911,22776,0,-300,0,579,0,0,0,137,137,137,137,3,7,521234617,49886835
91908,1,0,-4,443,-37,895,-23,-263,-912,22776,0,-300,0,579,0,0,0,137,137,137,137,3,7,521234617,49886725
92108,1,0,-5,443,-36,895,-23,-263,-912,22776,0,-300,0,579,0,0,0,137,137,137,137,3,7,521234616,49886615
92308,2,0,-4,443,-35,895,-22,-263,-913,22776,0,-300,0,579,0,0,0,137,137,137,137,3,7,521234616,49886506
92509,2,0,-5,443,-34,895,-22,-263,-913,22776,0,-300,0,579,0,0,0,137,137,137,137,3,7,521234615,49886397
92709,1,0,-5,444,-33,895,-21,-263,-914,22776,0,-300,0,579,0,0,0,137,137,137,137,3,7,521234615,49886287
92909,0,0,-6,444,-33,895,-21,-263,-914,22743,0,-300,0,579,0,0,0,142,141,141,142,3,7,521234615,49886178
93109,2,0,-4,444,-32,895,-21,-263,-914,22776,0,-300,0,579,0,0,0,134,133,133,133,3,7,521234614,49886068
93310,3,0,-3,444,-31,895,-20,-263,-914,22776,0,-300,0,579,0,0,0,137,137,137,137,3,7,521234614,49885958
93510,0,0,-1,444,-31,895,-20,-263,-914,22776,0,-300,0,579,0,0,0,137,136,137,137,3,7,521234613,49885849
93710,0,0,-1,444,-30,895,-19,-263,-914,22776,0,-300,0,579,0,0,0,137,137,137,137,3,7,521234613,49885740
93910,1,0,-1,444,-30,895,-19,-263,-913,22776,0,-300,0,579,0,0,0,137,137,137,137,3,7,521234612,49885630
94110,0,0,-1,444,-29,895,-19,-263,-913,22776,0,-300,0,579,0,0,0,137,137,137,137,3,7,521234612,49885520
94311,0,0,-1,444,-29,895,-19,-263,-913,22776,0,-300,0,579,0,0,0,137,137,137,137,3,7,521234611,49885411
94511,0,0,-1,444,-29,895,-19,-263,-913,22776,0,-300,0,579,0,0,0,137,137,137,137,3,7,521234611,49885302
94711,1,0,-1,444,-28,895,-18,-264,-912,22776,0,-300,0,579,0,0,0,137,138,137,138,3,7,521234610,49885192
94911,1,0,-1,444,-28,895,-18,-263,-912,22776,0,-300,0,579,0,0,0,137,137,137,137,3,7,521234610,49885082
95111,0,0,-2,444,-28,895,-18,-263,-912,22776,0,-300,0,579,0,0,0,137,137,137,137,3,7,521234609,49884973
95312,0,0,-3,444,-28,895,-18,-263,-912,22776,0,-300,0,579,0,0,0,137,137,137,137,3,7,521234609,49884864
95512,4,0,-1,444,-27,895,-17,-263,-912,22776,0,-300,0,579,0,0,0,137,137,137,137,3,7,521234608,49884754
95712,0,0,-1,444,-26,895,-17,-263,-912,22776,0,-300,0,579,0,0,0,137,137,137,137,3,7,521234608,49884644
95912,1,0,-1,444,-26,895,-17,-263,-911,22776,0,-300,0,579,0,0,0,137,137,137,137,3,7,521234607,49884535
96112,1,0,-1,444,-25,895,-16,-264,-911,22776,0,-300,0,579,0,0,0,137,137,137,137,3,7,521234606,49884425
96313,1,0,-3,444,-25,895,-16,-264,-911,22776,0,-300,0,579,0,0,0,137,137,137,137,3,7,521234606,49884316
96513,1,0,-4,444,-24,895,-16,-263,-911,22743,0,-300,0,579,0,0,0,142,141,141,142,3,7,521234605,49884207
96713,0,0,-5,444,-24,895,-16,-264,-912,22776,0,-300,0,579,0,0,0,133,133,133,134,3,7,521234605,49884097
96913,0,0,-6,444,-24,895,-15,-264,-912,22776,0,-300,0,579,0,0,0,137,137,137,137,3,7,521234605,49883988
97114,3,0,-4,444,-23,895,-15,-264,-913,22776,0,-300,0,579,0,0,0,137,137,137,137,3,7,521234604,49883878
97314,3,0,-3,444,-22,895,-14,-264,-913,22776,0,-300,0,579,0,0,0,137,137,137,137,3,7,521234604,49883769
97514,1,0,-3,444,-21,895,-14,-264,-913,22776,0,-300,0,579,0,0,0,137,137,137,137,3,7,521234603,49883659
97714,1,0,-3,444,-21,895,-13,-264,-913,22776,0,-300,0,579,0,0,0,137,137,137,137,3,7,521234603,49883550
97914,1,0,-2,444,-20,895,-13,-264,-913,22776,0,-300,0,579,0,0,0,137,137,137,137,3,7,521234602,49883440
98115,0,0,-3,444,-20,895,-13,-264,-913,22776,0,-300,0,579,0,0,0,137,136,137,137,3,7,521234602,49883331
98315,1,0,-3,444,-19,895,-12,-264,-913,22776,0,-300,0,579,0,0,0,137,137,137,137,3,7,521234601,49883222
98515,0,0,-3,445,-19,895,-12,-264,-913,22776,0,-300,0,579,0,0,0,138,138,137,138,3,7,521234601,49883112
98715,3,0,-2,444,-18,895,-12,-264,-913,22776,0,-300,0,579,0,0,0,137,137,137,137,3,7,521234600,49883003
98915,1,0,-3,444,-17,895,-11,-264,-913,22776,0,-300,0,579,0,0,0,137,137,137,137,3,7,521234600,49882893
99116,1,0,-3,444,-17,895,-11,-264,-913,22776,0,-300,0,579,0,0,0,137,137,137,137,3,7,521234599,49882784
99316,0,0,-4,444,-17,895,-11,-264,-913,22776,0,-300,0,579,0,0,0,137,137,137,137,3,7,521234599,49882675
99516,1,0,-4,444,-17,895,-10,-264,-913,22776,0,-300,0,579,0,0,0,137,137,137,137,3,7,521234598,49882565
99716,3,0,-3,444,-15,895,-10,-264,-913,22776,0,-300,0,579,0,0,0,137,137,137,137,3,7,521234598,49882456
99917,0,0,-3,445,-15,895,-9,-264,-913,22776,0,-300,0,579,0,0,0,137,137,137,137,3,7,521234597,49882346
100117,0,0,-4,444,-15,895,-9,-264,-914,22775,0,-300,0,579,0,0,0,137,137,137,137,3,7,521234597,49882237
100317,3,0,-3,444,-14,895,-9,-264,-914,22742,0,-300,0,579,0,0,0,142,142,142,142,3,7,521234596,49882128
100517,1,0,-3,444,-13,895,-8,-264,-914,22775,0,-300,0,579,0,0,0,133,133,133,133,3,7,521234596,49882018
100717,1,0,-3,444,-13,895,-8,-264,-914,22775,0,-300,0,579,0,0,0,137,137,137,137,3,7,521234595,49881909
100918,0,0,-3,445,-12,895,-8,-264,-914,22775,0,-300,0,579,0,0,0,137,137,137,137,3,7,521234595,49881799
101118,2,0,-3,445,-11,895,-7,-264,-914,22775,0,-300,0,579,0,0,0,137,136,137,137,3,7,521234594,49881690
101318,0,0,-4,444,-11,895,-7,-264,-914,22775,0,-300,0,579,0,0,0,137,137,137,137,3,7,521234594,49881581
101518,0,0,-3,445,-11,895,-7,-264,-914,22775,0,-300,0,579,0,0,0,137,137,137,137,3,7,521234593,49881471
101718,1,0,-3,444,-10,895,-7,-264,-914,22775,0,-300,0,579,0,0,0,137,137,137,137,3,7,521234593,49881362
101919,3,0,-1,444,-9,895,-6,-264,-914,22775,0,-300,0,579,0,0,0,137,137,137,137,3,7,521234592,49881253
102119,2,0,0,444,-8,895,-5,-264,-913,22775,0,-300,0,579,0,0,0,137,137,137,137,3,7,521234591,49881143
102319,-1,0,-3,444,-8,895,-5,-264,-913,22775,0,-300,0,579,0,0,0,137,137,137,137,3,7,521234591,49881034
102519,1,0,-3,445,-8,895,-5,-264,-913,22775,0,-300,0,579,0,0,0,137,137,137,137,3,7,521234590,49880925
102720,0,0,-4,445,-8,895,-5,-264,-913,22775,0,-300,0,579,0,0,0,137,137,137,137,3,7,521234590,49880815
102920,3,0,-3,444,-7,895,-4,-264,-914,22775,0,-300,0,579,0,0,0,138,138,137,138,3,7,521234589,49880706
103120,0,0,-4,444,-6,895,-4,-264,-914,22775,0,-300,0,579,0,0,0,137,137,137,137,3,7,521234589,49880597
103320,2,0,-3,444,-6,895,-4,-264,-914,22775,0,-300,0,579,0,0,0,137,137,137,137,3,7,521234588,49880488
103520,0,0,-3,444,-5,895,-3,-264,-914,22775,0,-300,0,579,0,0,0,137,137,137,137,3,7,521234588,49880378
103721,3,0,-3,445,-4,895,-3,-264,-914,22775,0,-300,0,579,0,0,0,137,137,137,137,3,7,521234587,49880269
103921,0,0,-3,445,-4,895,-2,-264,-914,22775,0,-300,0,579,0,0,0,137,137,136,137,3,7,521234587,49880160
104121,2,0,-3,444,-3,895,-2,-264,-914,22775,0,-300,0,579,0,0,0,137,137,137,137,3,7,521234586,49880051
104321,0,0,-4,444,-2,895,-2,-264,-914,22775,0,-300,0,579,0,0,0,137,137,137,137,3,7,521234586,49879941
104521,2,0,-3,445,-2,895,-1,-264,-914,22775,0,-300,0,579,0,0,0,137,137,137,137,3,7,521234585,49879832
104722,0,0,-4,445,-1,895,-1,-264,-914,22775,0,-300,0,579,0,0,0,137,137,137,137,3,7,521234585,49879723
104922,2,0,-3,444,-1,895,-1,-264,-914,22775,0,-300,0,579,0,0,0,137,137,137,137,3,7,521234584,49879613
105122,1,0,-3,445,0,895,0,-264,-914,22775,0,-300,0,579,0,0,0,137,137,137,137,3,7,521234584,49879504
105322,2,0,-2,445,0,895,0,-264,-914,22776,0,-300,0,579,0,0,0,137,137,137,138,3,7,521234583,49879395
105523,1,0,-1,444,0,895,0,-264,-914,22776,0,-300,0,579,0,0,0,137,137,137,137,3,7,521234582,49879285
105723,0,0,-3,445,0,895,0,-264,-914,22775,0,-300,0,579,0,0,0,137,137,137,137,3,7,521234582,49879176
105923,3,0,-3,444,1,895,0,-264,-914,22775,0,-300,0,579,0,0,0,137,137,137,137,3,7,521234581,49879067
106123,0,0,-5,445,2,895,1,-264,-914,22775,0,-300,0,579,0,0,0,137,137,137,137,3,7,521234581,49878958
106323,1,0,-5,445,2,895,1,-264,-915,22775,0,-300,0,579,0,0,0,137,137,137,137,3,7,521234580,49878848
106524,1,0,-6,445,3,895,1,-264,-915,22742,0,-300,0,579,0,0,0,73,72,72,73,3,7,521234580,49878739
106724,3,0,-4,444,4,895,2,-264,-916,22578,0,-300,0,579,0,0,0,75,75,75,75,3,7,521234579,49878630
106924,0,0,-5,444,5,895,3,-264,-916,22249,0,-300,0,579,0,0,0,78,77,77,77,3,7,521234579,49878521
107124,2,0,-3,445,5,895,3,-264,-916,21822,0,-300,0,579,0,0,0,90,90,91,91,3,7,521234578,49878411
107324,3,0,-2,445,7,895,4,-264,-916,21262,0,-300,0,579,0,0,0,96,96,96,96,3,7,521234577,49878302
107525,-3,165,-4,406,6,913,4,-239,-916,20639,0,-300,0,579,0,0,0,90,92,90,92,3,7,521234577,49878193
107725,1,-17,-3,389,6,920,3,-229,-916,20078,0,-300,0,579,0,0,0,104,103,103,103,3,7,521234576,49878084
107925,-2,108,-3,366,5,929,3,-215,-916,19355,0,-300,0,579,0,0,0,112,113,111,113,3,7,521234576,49877978
108125,-1,141,0,321,4,946,3,-187,-915,18632,0,-300,0,579,0,0,0,102,104,102,104,3,7,521234575,49877875
108325,0,128,6,274,4,961,3,-159,-914,18040,0,-300,0,579,0,0,0,111,114,112,113,3,7,521234574,49877777
108526,0,-95,6,278,4,959,2,-162,-912,17317,0,-300,0,579,0,0,0,116,114,116,114,3,7,521234574,49877685
108726,-1,39,10,281,4,958,2,-163,-910,16594,0,-300,0,579,0,0,0,109,110,109,109,3,7,521234573,49877601
108926,-2,-96,7,298,3,954,2,-173,-908,16002,0,-300,0,579,0,0,0,120,118,120,117,3,7,521234573,49877524
109126,-1,73,11,293,2,955,1,-170,-906,15313,0,-300,0,579,0,0,0,119,121,120,120,3,7,521234572,49877452
109327,-3,-59,9,296,1,954,0,-172,-904,14656,0,-300,0,579,0,0,0,106,105,107,105,3,7,521234572,49877384
109527,-1,99,14,281,0,959,0,-163,-902,14096,0,-300,0,579,0,0,0,117,119,118,119,3,7,521234571,49877321
109727,-4,-45,10,278,0,959,0,-161,-899,13439,0,-300,0,579,0,0,0,119,119,119,118,3,7,521234571,49877262
123141,14,-13,48,-207,150,966,87,119,1338,257,0,-300,0,579,0,0,0,0,0,0,0,0,7,521234604,49876490
123341,0,0,0,-206,151,966,88,119,1340,-6,0,-300,0,579,0,0,0,0,0,0,0,0,7,521234614,49876487
123542,0,0,0,-206,152,966,88,119,1340,-6,0,-300,0,579,0,0,0,0,0,0,0,0,7,521234617,49876486
123742,0,0,0,-206,152,966,89,119,1340,-6,0,-300,0,579,0,0,0,0,0,0,0,0,7,521234617,49876486
123942,0,0,0,-206,152,966,89,119,1340,-5,0,-300,0,579,0,0,0,0,0,0,0,0,7,521234617,49876486
124142,0,0,0,-206,152,966,89,119,1340,-5,0,-300,0,579,0,0,0,0,0,0,0,0,7,521234617,49876486
124343,0,0,0,-206,152,966,89,119,1340,-5,0,-300,0,579,0,0,0,0,0,0,0,0,7,521234617,49876486
124543,0,0,0,-206,152,966,89,119,1340,-5,0,-300,0,579,0,0,0,0,0,0,0,0,7,521234617,49876486
124743,0,0,0,-206,152,966,89,119,1340,-5,0,-300,0,579,0,0,0,0,0,0,0,0,7,521234617,49876486
124943,0,0,0,-206,152,966,89,119,1340,-5,0,0,0,549,0,0,0,0,0,0,0,0,7,521234617,49876486
125143,0,0,0,-206,152,966,89,119,1340,-5,0,0,0,549,0,0,0,0,0,0,0,0,7,521234617,49876486
125344,0,0,0,-206,152,966,89,119,1340,-5,0,0,0,549,0,0,0,0,0,0,0,0,7,521234617,49876486
125544,0,0,0,-206,152,966,89,119,1340,-5,0,0,0,549,0,0,0,0,0,0,0,0,7,521234617,49876486
125744,0,0,0,-206,152,966,89,119,1340,-5,0,0,0,549,0,0,0,0,0,0,0,0,7,521234617,49876486
125944,0,0,0,-206,152,966,89,119,1340,-5,0,0,0,549,0,0,0,0,0,0,0,0,7,521234617,49876486
126144,0,0,0,-206,152,966,89,119,1340,-5,0,0,0,549,0,0,0,0,0,0,0,0,7,521234617,49876486
126345,0,0,0,-206,152,966,89,119,1340,-5,0,0,0,549,0,0,0,0,0,0,0,0,7,521234617,49876486
126545,0,0,0,-206,152,966,89,119,1340,-4,0,0,0,549,0,0,0,0,0,0,0,0,7,521234617,49876486
126745,0,0,0,-206,152,966,89,119,1340,-4,0,0,0,549,0,0,0,0,0,0,0,0,7,521234617,49876486
126945,0,0,0,-206,152,966,89,119,1340,-4,0,0,0,549,0,0,0,0,0,0,0,0,7,521234617,49876486
127146,0,0,0,-206,152,966,89,119,1340,-4,0,0,0,549,0,0,0,0,0,0,0,0,7,521234617,49876486
127346,0,0,0,-206,152,966,89,119,1340,-4,0,0,0,549,0,0,0,0,0,0,0,0,7,521234617,49876486
127546,0,0,0,-206,152,966,89,119,1340,-4,0,0,0,549,0,0,0,0,0,0,0,0,7,521234617,49876486
127746,0,0,0,-206,152,966,89,119,1340,-4,0,0,0,549,0,0,0,0,0,0,0,0,7,521234617,49876486
127946,0,0,0,-206,152,966,89,119,1340,-4,0,0,0,549,0,0,0,0,0,0,0,0,7,521234617,49876486
128147,0,0,0,-206,152,966,89,119,1340,-4,0,0,0,549,0,0,0,0,0,0,0,0,7,521234617,49876486
128347,0,0,0,-206,152,966,89,119,1340,-4,0,0,0,549,0,0,0,0,0,0,0,0,7,521234617,49876486
128547,0,0,0,-206,152,966,89,119,1340,-4,0,0,0,549,0,0,0,0,0,0,0,0,7,521234617,49876486
128747,0,0,0,-206,152,966,89,119,1340,-4,0,0,0,549,0,0,0,0,0,0,0,0,7,521234617,49876486
ak> sim: 129811 ms  roll    8.8 deg  pitch   11.9 deg  motors 0.00 0.00 0.00 0.00
sim: 130811 ms  roll    8.8 deg  pitch   11.9 deg  motors 0.00 0.00 0.00 0.00
alive: 130811 ms, 129862 loops
sim: 131811 ms  roll    8.8 deg  pitch   11.9 deg  motors 0.00 0.00 0.00 0.00
sim: 132811 ms  roll    8.8 deg  pitch   11.9 deg  motors 0.00 0.00 0.00 0.00
sim: 133811 ms  roll    8.8 deg  pitch   11.9 deg  motors 0.00 0.00 0.00 0.00
sim: 134811 ms  roll    8.8 deg  pitch   11.9 deg  motors 0.00 0.00 0.00 0.00
sim: 135811 ms  roll    8.8 deg  pitch   11.9 deg  motors 0.00 0.00 0.00 0.00
sim: 136811 ms  roll    8.8 deg  pitch   11.9 deg  motors 0.00 0.00 0.00 0.00
sim: 137811 ms  roll    8.8 deg  pitch   11.9 deg  motors 0.00 0.00 0.00 0.00
sim: 138811 ms  roll    8.8 deg  pitch   11.9 deg  motors 0.00 0.00 0.00 0.00
sim: 139811 ms  roll    8.8 deg  pitch   11.9 deg  motors 0.00 0.00 0.00 0.00
sim: 140811 ms  roll    8.8 deg  pitch   11.9 deg  motors 0.00 0.00 0.00 0.00
alive: 140811 ms, 139851 loops
sim: 141811 ms  roll    8.8 deg  pitch   11.9 deg  motors 0.00 0.00 0.00 0.00
sim: 142811 ms  roll    8.8 deg  pitch   11.9 deg  motors 0.00 0.00 0.00 0.00
sim: 143811 ms  roll    8.8 deg  pitch   11.9 deg  motors 0.00 0.00 0.00 0.00
sim: 144811 ms  roll    8.8 deg  pitch   11.9 deg  motors 0.00 0.00 0.00 0.00
sim: 145811 ms  roll    8.8 deg  pitch   11.9 deg  motors 0.00 0.00 0.00 0.00
sim: 146811 ms  roll    8.8 deg  pitch   11.9 deg  motors 0.00 0.00 0.00 0.00
sim: 147811 ms  roll    8.8 deg  pitch   11.9 deg  motors 0.00 0.00 0.00 0.00
sim: 148811 ms  roll    8.8 deg  pitch   11.9 deg  motors 0.00 0.00 0.00 0.00
sim: 149811 ms  roll    8.8 deg  pitch   11.9 deg  motors 0.00 0.00 0.00 0.00
sim: 150811 ms  roll    8.8 deg  pitch   11.9 deg  motors 0.00 0.00 0.00 0.00
alive: 150811 ms, 149840 loops
sim: 151811 ms  roll    8.8 deg  pitch   11.9 deg  motors 0.00 0.00 0.00 0.00
sim: 152811 ms  roll    8.8 deg  pitch   11.9 deg  motors 0.00 0.00 0.00 0.00
sim: 153811 ms  roll    8.8 deg  pitch   11.9 deg  motors 0.00 0.00 0.00 0.00
sim: 154811 ms  roll    8.8 deg  pitch   11.9 deg  motors 0.00 0.00 0.00 0.00
sim: 155811 ms  roll    8.8 deg  pitch   11.9 deg  motors 0.00 0.00 0.00 0.00
sim: 156811 ms  roll    8.8 deg  pitch   11.9 deg  motors 0.00 0.00 0.00 0.00
sim: 157811 ms  roll    8.8 deg  pitch   11.9 deg  motors 0.00 0.00 0.00 0.00
sim: 158811 ms  roll    8.8 deg  pitch   11.9 deg  motors 0.00 0.00 0.00 0.00
sim: 159811 ms  roll    8.8 deg  pitch   11.9 deg  motors 0.00 0.00 0.00 0.00
sim: 160811 ms  roll    8.8 deg  pitch   11.9 deg  motors 0.00 0.00 0.00 0.00
alive: 160811 ms, 159830 loops
sim: 161811 ms  roll    8.8 deg  pitch   11.9 deg  motors 0.00 0.00 0.00 0.00
sim: 162811 ms  roll    8.8 deg  pitch   11.9 deg  motors 0.00 0.00 0.00 0.00
sim: 163811 ms  roll    8.8 deg  pitch   11.9 deg  motors 0.00 0.00 0.00 0.00
sim: 164811 ms  roll    8.8 deg  pitch   11.9 deg  motors 0.00 0.00 0.00 0.00
sim: 165811 ms  roll    8.8 deg  pitch   11.9 deg  motors 0.00 0.00 0.00 0.00
sim: 166811 ms  roll    8.8 deg  pitch   11.9 deg  motors 0.00 0.00 0.00 0.00
sim: 167811 ms  roll    8.8 deg  pitch   11.9 deg  motors 0.00 0.00 0.00 0.00
sim: 168811 ms  roll    8.8 deg  pitch   11.9 deg  motors 0.00 0.00 0.00 0.00
sim: 169811 ms  roll    8.8 deg  pitch   11.9 deg  motors 0.00 0.00 0.00 0.00
sim: ok   the quadrotor flew away from home          171 m out at its furthest
sim: ok   and its yaw estimate had found the ground track by then the estimator's yaw was 0 deg from the track it was making when the link went
sim: ok   the navigator says the return engaged      the console reports it engaged
sim: ok   and brought it back over the ground it took off from closest approach 0 m of 136 m out; 1 m out when it first reached the hover height
sim: ok   then descended to the hover height it was told to hold at 3.5 m above home on arrival, 2.1 m four seconds later
sim: ok   and it came down over the ground it took off from the descent started 9.4 m from home at 22.3 m up
sim: ok   and it held its station over home while it settled averaged 0.5 m from home over 82 samples of the settle
sim: ok   and the blackbox carries the height and the yaw of the flight 440 records, height -0.0 to 22.8 m, yaw span 340 deg, last position 0 m from where the aircraft is
sim: ok   and where the flight ended, from the last record in it 440 records, height -0.0 to 22.8 m, yaw span 340 deg, last position 0 m from where the aircraft is
sim: ok   a fix the navigator would not use did not end the flight lowest collective while the fix was bad: 0.53, of a 0.55 hover
sim: ok   and it held the altitude it could still measure 22.8 to 22.8 m up while it was bad, against the 22 m it was holding
sim: ok   and the console said why it would not use it the console reports the fix as not usable, and how many satellites the navigator wants
sim: ok   and the preflight told the pilot a return would not work the checklist's fact says the return is enabled and would not happen
sim: ok   and it landed and stopped its motors there on the ground at 0.0 m, motors stopped at 0.3 m, 1 m from home
sim: ok   and stayed down - disarmed - when the receiver came back the later status says disarmed
sim: ok   and the flight mode it sent said RTH       DISARM
sim: ok   the handset asked who is on the link, and got one answer per ping 2 pings up the wire, 2 answers back, name "aerialkit-f405"
sim: ok   and the answer is the device-info frame a handset expects "aerialkit-f405", to 0xea from 0xc8, 0 parameters, version 1

sim: ---- 170 s of simulated flight ----
sim: 170000 ms, 169819 passes of the main loop
sim: ok   one pass of the loop is one millisecond    1.0011 ms per pass over 169819 passes
sim: ok   every radio byte reached the parser        86306 of 86306 bytes taken, ring dropped 0
sim: ok   the radio sent frames throughout           3319 frames of 26 bytes each
sim: ok   the gps stream reached the parser          846 gps frames, 0 bytes dropped
sim: ok   the position the gps sent is the position the firmware has looking for "52.1234567, 4.9876543" in the console: found
sim: ok   the aircraft armed and the mixer drove the motors motors turning 3013..123012 ms, up to 1.00
sim: PASS (0 checks failed)
